26/11/2007;12:00:00;1.276;0.066;238.780;5.800;0.000;0.000;10.000
26/11/2007;12:01:00;1.600;0.068;239.040;6.800;0.000;0.000;18.000
26/11/2007;12:02:00;1.588;0.068;239.160;6.600;0.000;0.000;18.000
26/11/2007;12:03:00;1.574;0.068;239.070;6.600;0.000;0.000;18.000
26/11/2007;12:04:00;1.568;0.068;239.020;6.600;0.000;0.000;17.000
26/11/2007;12:05:00;1.566;0.066;239.130;6.600;0.000;0.000;18.000
26/11/2007;12:06:00;1.512;0.064;239.730;6.400;0.000;0.000;18.000
26/11/2007;12:07:00;1.452;0.066;238.550;6.200;0.000;0.000;17.000
26/11/2007;12:08:00;1.448;0.068;238.080;6.200;0.000;0.000;18.000
26/11/2007;12:09:00;1.440;0.070;237.410;6.200;0.000;0.000;17.000
26/11/2007;12:10:00;1.502;0.000;237.750;6.400;0.000;0.000;17.000
26/11/2007;12:11:00;1.516;0.000;237.250;6.400;0.000;0.000;18.000
26/11/2007;12:12:00;1.518;0.000;237.600;6.400;0.000;0.000;17.000
26/11/2007;12:13:00;1.514;0.000;237.700;6.400;0.000;0.000;17.000
26/11/2007;12:14:00;1.602;0.144;237.480;6.800;0.000;1.000;18.000
26/11/2007;12:15:00;1.600;0.150;237.970;6.800;0.000;1.000;17.000
26/11/2007;12:16:00;1.602;0.154;238.500;6.800;0.000;2.000;18.000
26/11/2007;12:17:00;1.634;0.178;239.070;7.000;0.000;1.000;17.000
26/11/2007;12:18:00;1.706;0.282;238.440;7.200;0.000;1.000;18.000
26/11/2007;12:19:00;1.700;0.282;238.270;7.200;0.000;2.000;17.000
26/11/2007;12:20:00;1.690;0.278;237.610;7.200;0.000;1.000;17.000
26/11/2007;12:21:00;1.682;0.272;237.150;7.200;0.000;2.000;18.000
26/11/2007;12:22:00;1.616;0.176;237.190;6.800;0.000;1.000;17.000
26/11/2007;12:23:00;1.616;0.176;237.170;6.800;0.000;1.000;17.000
26/11/2007;12:24:00;1.612;0.176;237.180;6.800;0.000;2.000;17.000
26/11/2007;12:25:00;1.618;0.178;237.220;6.800;0.000;1.000;18.000
26/11/2007;12:26:00;1.632;0.186;238.870;6.800;0.000;2.000;17.000
26/11/2007;12:27:00;1.624;0.186;238.890;6.800;0.000;1.000;18.000
26/11/2007;12:28:00;1.594;0.136;239.650;6.600;0.000;1.000;17.000
26/11/2007;12:29:00;1.554;0.070;239.940;6.400;0.000;0.000;18.000
26/11/2007;12:30:00;1.554;0.070;239.900;6.400;0.000;0.000;17.000
26/11/2007;12:31:00;1.552;0.068;239.650;6.400;0.000;0.000;18.000
26/11/2007;12:32:00;1.554;0.064;240.610;6.400;0.000;0.000;18.000
26/11/2007;12:33:00;1.470;0.058;240.790;6.200;0.000;0.000;18.000
26/11/2007;12:34:00;1.456;0.060;239.460;6.000;0.000;0.000;17.000
26/11/2007;12:35:00;1.454;0.060;239.270;6.000;0.000;0.000;18.000
26/11/2007;12:36:00;1.474;0.060;239.440;6.200;0.000;0.000;17.000
26/11/2007;12:37:00;2.104;0.098;238.750;9.600;0.000;0.000;18.000
26/11/2007;12:38:00;2.784;0.298;237.740;12.400;0.000;0.000;17.000
26/11/2007;12:39:00;2.702;0.244;237.910;12.000;0.000;0.000;17.000
26/11/2007;12:40:00;1.734;0.086;239.190;7.200;0.000;0.000;18.000
26/11/2007;12:41:00;2.202;0.152;238.160;9.800;0.000;0.000;17.000
26/11/2007;12:42:00;1.856;0.112;238.410;8.000;0.000;0.000;18.000
26/11/2007;12:43:00;2.734;0.266;237.740;12.000;0.000;0.000;17.000
26/11/2007;12:44:00;1.930;0.106;238.150;8.400;0.000;0.000;18.000
26/11/2007;12:45:00;2.388;0.156;236.780;10.600;0.000;0.000;17.000
26/11/2007;12:46:00;1.698;0.056;237.650;7.200;0.000;0.000;17.000
26/11/2007;12:47:00;2.626;0.208;236.840;11.600;0.000;0.000;17.000
26/11/2007;12:48:00;1.702;0.056;238.140;7.200;0.000;0.000;18.000
26/11/2007;12:49:00;1.764;0.122;237.850;7.400;0.000;0.000;17.000
26/11/2007;12:50:00;1.664;0.100;239.050;7.000;0.000;0.000;18.000
26/11/2007;12:51:00;1.550;0.052;238.720;6.600;0.000;0.000;17.000
26/11/2007;12:52:00;1.634;0.166;238.820;6.800;0.000;0.000;18.000
26/11/2007;12:53:00;1.630;0.166;238.720;6.800;0.000;0.000;17.000
26/11/2007;12:54:00;1.630;0.168;239.330;6.800;0.000;0.000;18.000
26/11/2007;12:55:00;1.628;0.168;239.330;6.800;0.000;0.000;17.000
26/11/2007;12:56:00;1.612;0.162;238.030;6.800;0.000;0.000;18.000
26/11/2007;12:57:00;1.614;0.168;238.490;6.800;0.000;0.000;17.000
26/11/2007;12:58:00;1.614;0.168;238.750;6.800;0.000;0.000;17.000
26/11/2007;12:59:00;1.614;0.168;238.650;6.800;0.000;0.000;18.000
26/11/2007;13:00:00;1.626;0.172;239.810;6.800;0.000;0.000;17.000
26/11/2007;13:01:00;1.612;0.168;238.930;6.800;0.000;0.000;18.000
26/11/2007;13:02:00;1.952;0.240;238.720;8.800;0.000;0.000;17.000
26/11/2007;13:03:00;2.232;0.180;238.940;10.000;0.000;0.000;18.000
26/11/2007;13:04:00;1.548;0.066;238.930;6.400;0.000;0.000;17.000
26/11/2007;13:05:00;1.546;0.066;239.040;6.400;0.000;0.000;18.000
26/11/2007;13:06:00;1.540;0.064;238.350;6.400;0.000;0.000;17.000
26/11/2007;13:07:00;1.538;0.064;238.160;6.400;0.000;0.000;18.000
26/11/2007;13:08:00;1.536;0.062;238.270;6.400;0.000;0.000;17.000
26/11/2007;13:09:00;1.544;0.066;239.020;6.400;0.000;0.000;18.000
26/11/2007;13:10:00;1.548;0.068;239.550;6.400;0.000;0.000;17.000
26/11/2007;13:11:00;1.558;0.070;240.210;6.400;0.000;0.000;18.000
26/11/2007;13:12:00;1.548;0.068;239.530;6.400;0.000;0.000;18.000
26/11/2007;13:13:00;1.556;0.072;240.330;6.400;0.000;0.000;17.000
26/11/2007;13:14:00;1.554;0.070;239.780;6.400;0.000;0.000;18.000
26/11/2007;13:15:00;1.502;0.000;239.070;6.400;0.000;0.000;17.000
26/11/2007;13:16:00;1.440;0.062;237.990;6.000;0.000;0.000;18.000
26/11/2007;13:17:00;1.446;0.062;238.540;6.000;0.000;0.000;17.000
26/11/2007;13:18:00;1.444;0.062;238.320;6.000;0.000;0.000;18.000
26/11/2007;13:19:00;1.450;0.062;238.850;6.000;0.000;0.000;17.000
26/11/2007;13:20:00;1.464;0.064;239.010;6.200;0.000;0.000;18.000
26/11/2007;13:21:00;1.472;0.064;239.250;6.200;0.000;0.000;17.000
26/11/2007;13:22:00;1.464;0.064;239.510;6.200;0.000;0.000;18.000
26/11/2007;13:23:00;1.276;0.052;239.130;5.200;0.000;0.000;17.000
26/11/2007;13:24:00;1.276;0.052;239.480;5.200;0.000;0.000;18.000
26/11/2007;13:25:00;1.280;0.050;239.880;5.200;0.000;0.000;18.000
26/11/2007;13:26:00;1.284;0.050;240.310;5.200;0.000;0.000;17.000
26/11/2007;13:27:00;1.280;0.050;239.790;5.200;0.000;0.000;18.000
26/11/2007;13:28:00;1.284;0.050;240.300;5.200;0.000;0.000;18.000
26/11/2007;13:29:00;1.286;0.048;240.510;5.200;0.000;0.000;17.000
26/11/2007;13:30:00;1.350;0.000;240.360;5.600;0.000;0.000;18.000
26/11/2007;13:31:00;1.354;0.050;239.900;5.600;0.000;0.000;18.000
26/11/2007;13:32:00;1.354;0.050;239.780;5.600;0.000;0.000;17.000
26/11/2007;13:33:00;1.346;0.048;239.010;5.600;0.000;0.000;18.000
26/11/2007;13:34:00;1.334;0.046;237.940;5.600;0.000;0.000;17.000
26/11/2007;13:35:00;1.350;0.050;239.590;5.600;0.000;0.000;18.000
26/11/2007;13:36:00;1.340;0.048;238.730;5.600;0.000;0.000;17.000
26/11/2007;13:37:00;1.336;0.048;238.610;5.600;0.000;0.000;18.000
26/11/2007;13:38:00;1.342;0.050;239.290;5.600;0.000;0.000;17.000
26/11/2007;13:39:00;1.350;0.052;240.060;5.600;0.000;0.000;18.000
26/11/2007;13:40:00;1.392;0.078;240.210;5.800;0.000;0.000;18.000
26/11/2007;13:41:00;1.468;0.186;240.380;6.000;0.000;0.000;17.000
26/11/2007;13:42:00;1.450;0.164;240.330;6.000;0.000;0.000;18.000
26/11/2007;13:43:00;1.390;0.082;239.990;5.800;0.000;0.000;18.000
26/11/2007;13:44:00;1.382;0.080;239.740;5.600;0.000;0.000;17.000
26/11/2007;13:45:00;1.370;0.076;239.010;5.600;0.000;0.000;18.000
26/11/2007;13:46:00;1.368;0.076;238.960;5.600;0.000;0.000;17.000
26/11/2007;13:47:00;1.366;0.076;238.820;5.600;0.000;0.000;18.000
26/11/2007;13:48:00;1.368;0.076;239.000;5.600;0.000;0.000;17.000
26/11/2007;13:49:00;1.366;0.076;238.990;5.600;0.000;0.000;18.000
26/11/2007;13:50:00;1.368;0.076;239.180;5.600;0.000;0.000;17.000
26/11/2007;13:51:00;1.378;0.080;240.240;5.600;0.000;0.000;18.000
26/11/2007;13:52:00;1.374;0.080;239.920;5.600;0.000;0.000;18.000
26/11/2007;13:53:00;1.404;0.110;239.280;5.800;0.000;0.000;17.000
26/11/2007;13:54:00;1.454;0.202;239.980;6.000;0.000;1.000;18.000
26/11/2007;13:55:00;1.462;0.202;239.980;6.000;0.000;1.000;18.000
26/11/2007;13:56:00;1.448;0.178;240.310;6.000;0.000;2.000;17.000
26/11/2007;13:57:00;1.356;0.066;238.670;5.600;0.000;1.000;18.000
26/11/2007;13:58:00;1.346;0.064;237.690;5.600;0.000;1.000;17.000
26/11/2007;13:59:00;1.370;0.070;239.850;5.600;0.000;2.000;18.000
26/11/2007;14:00:00;1.374;0.072;240.340;5.600;0.000;1.000;18.000
26/11/2007;14:01:00;1.374;0.072;240.440;5.600;0.000;2.000;17.000
26/11/2007;14:02:00;1.368;0.072;240.260;5.600;0.000;1.000;18.000
26/11/2007;14:03:00;1.366;0.070;240.300;5.600;0.000;1.000;18.000
26/11/2007;14:04:00;1.364;0.070;240.140;5.600;0.000;2.000;17.000
26/11/2007;14:05:00;1.368;0.072;240.640;5.600;0.000;1.000;18.000
26/11/2007;14:06:00;1.372;0.072;241.030;5.600;0.000;2.000;18.000
26/11/2007;14:07:00;1.370;0.072;241.040;5.600;0.000;1.000;18.000
26/11/2007;14:08:00;1.304;0.000;240.210;5.400;0.000;0.000;17.000
26/11/2007;14:09:00;1.288;0.048;240.670;5.200;0.000;0.000;18.000
26/11/2007;14:10:00;1.302;0.046;241.360;5.400;0.000;0.000;18.000
26/11/2007;14:11:00;1.300;0.046;241.320;5.400;0.000;0.000;18.000
26/11/2007;14:12:00;1.296;0.048;240.890;5.400;0.000;0.000;18.000
26/11/2007;14:13:00;1.290;0.048;240.340;5.200;0.000;0.000;17.000
26/11/2007;14:14:00;1.356;0.000;240.220;5.600;0.000;0.000;18.000
26/11/2007;14:15:00;0.866;0.060;240.970;4.200;0.000;0.000;11.000
26/11/2007;14:16:00;0.304;0.070;242.340;1.200;0.000;0.000;0.000
26/11/2007;14:17:00;0.302;0.068;241.820;1.200;0.000;0.000;0.000
26/11/2007;14:18:00;0.294;0.066;241.340;1.200;0.000;0.000;0.000
26/11/2007;14:19:00;0.292;0.064;240.540;1.200;0.000;0.000;0.000
26/11/2007;14:20:00;0.292;0.066;241.410;1.200;0.000;0.000;0.000
26/11/2007;14:21:00;0.292;0.066;241.660;1.200;0.000;0.000;0.000
26/11/2007;14:22:00;0.350;0.126;242.000;1.600;0.000;0.000;0.000
26/11/2007;14:23:00;0.400;0.202;242.170;1.800;0.000;0.000;0.000
26/11/2007;14:24:00;0.398;0.206;242.960;1.800;0.000;0.000;0.000
26/11/2007;14:25:00;0.404;0.208;243.280;1.800;0.000;0.000;0.000
26/11/2007;14:26:00;0.356;0.138;243.670;1.600;0.000;0.000;0.000
26/11/2007;14:27:00;0.332;0.102;243.260;1.400;0.000;0.000;0.000
26/11/2007;14:28:00;0.328;0.100;242.760;1.400;0.000;0.000;0.000
26/11/2007;14:29:00;0.326;0.098;242.310;1.400;0.000;0.000;0.000
26/11/2007;14:30:00;0.320;0.100;242.560;1.400;0.000;0.000;0.000
26/11/2007;14:31:00;0.318;0.098;242.300;1.400;0.000;0.000;0.000
26/11/2007;14:32:00;0.316;0.098;242.280;1.400;0.000;0.000;0.000
26/11/2007;14:33:00;0.316;0.096;241.780;1.400;0.000;0.000;0.000
26/11/2007;14:34:00;0.312;0.092;240.370;1.400;0.000;0.000;0.000
26/11/2007;14:35:00;0.316;0.098;242.230;1.400;0.000;0.000;0.000
26/11/2007;14:36:00;0.316;0.102;243.150;1.400;0.000;0.000;0.000
26/11/2007;14:37:00;0.316;0.100;242.920;1.400;0.000;0.000;0.000
26/11/2007;14:38:00;0.244;0.000;242.760;1.000;0.000;0.000;0.000
26/11/2007;14:39:00;0.220;0.000;243.100;1.000;0.000;0.000;0.000
26/11/2007;14:40:00;0.228;0.000;243.150;1.000;0.000;0.000;0.000
26/11/2007;14:41:00;0.224;0.000;242.530;1.000;0.000;0.000;0.000
26/11/2007;14:42:00;0.220;0.000;243.130;1.000;0.000;0.000;0.000
26/11/2007;14:43:00;0.220;0.000;243.150;1.000;0.000;0.000;0.000
26/11/2007;14:44:00;0.220;0.000;243.100;1.000;0.000;0.000;0.000
26/11/2007;14:45:00;0.220;0.000;243.060;1.000;0.000;0.000;0.000
26/11/2007;14:46:00;0.220;0.000;243.040;1.000;0.000;0.000;0.000
26/11/2007;14:47:00;0.222;0.000;243.370;1.000;0.000;0.000;0.000
26/11/2007;14:48:00;0.220;0.000;242.830;1.000;0.000;0.000;0.000
26/11/2007;14:49:00;0.220;0.000;242.990;1.000;0.000;0.000;0.000
26/11/2007;14:50:00;0.222;0.000;243.650;1.000;0.000;0.000;0.000
26/11/2007;14:51:00;0.222;0.000;244.200;1.000;0.000;0.000;0.000
26/11/2007;14:52:00;0.222;0.000;244.270;1.000;0.000;0.000;0.000
26/11/2007;14:53:00;0.222;0.000;244.240;1.000;0.000;0.000;0.000
26/11/2007;14:54:00;0.222;0.000;243.770;1.000;0.000;0.000;0.000
26/11/2007;14:55:00;0.222;0.000;244.050;1.000;0.000;0.000;0.000
26/11/2007;14:56:00;0.222;0.000;243.700;1.000;0.000;0.000;0.000
26/11/2007;14:57:00;0.222;0.000;243.430;1.000;0.000;0.000;0.000
26/11/2007;14:58:00;0.272;0.000;242.630;1.200;0.000;0.000;0.000
26/11/2007;14:59:00;0.298;0.070;242.540;1.200;0.000;0.000;0.000
26/11/2007;15:00:00;0.300;0.072;243.350;1.200;0.000;0.000;0.000
26/11/2007;15:01:00;0.302;0.074;244.040;1.200;0.000;0.000;0.000
26/11/2007;15:02:00;0.300;0.074;243.700;1.200;0.000;0.000;0.000
26/11/2007;15:03:00;0.298;0.074;243.540;1.200;0.000;0.000;0.000
26/11/2007;15:04:00;0.408;0.198;244.360;1.800;0.000;0.000;0.000
26/11/2007;15:05:00;0.408;0.214;244.580;1.800;0.000;0.000;0.000
26/11/2007;15:06:00;0.404;0.216;244.920;1.800;0.000;0.000;0.000
26/11/2007;15:07:00;0.402;0.216;244.670;1.800;0.000;0.000;0.000
26/11/2007;15:08:00;0.398;0.214;244.290;1.800;0.000;0.000;0.000
26/11/2007;15:09:00;0.396;0.212;244.060;1.800;0.000;0.000;0.000
26/11/2007;15:10:00;0.346;0.140;243.830;1.600;0.000;0.000;0.000
26/11/2007;15:11:00;0.324;0.106;244.050;1.400;0.000;0.000;0.000
26/11/2007;15:12:00;0.322;0.104;243.470;1.400;0.000;0.000;0.000
26/11/2007;15:13:00;0.320;0.106;243.650;1.400;0.000;0.000;0.000
26/11/2007;15:14:00;0.320;0.106;243.800;1.400;0.000;0.000;0.000
26/11/2007;15:15:00;0.318;0.104;243.440;1.400;0.000;0.000;0.000
26/11/2007;15:16:00;0.318;0.104;243.240;1.400;0.000;0.000;0.000
26/11/2007;15:17:00;0.316;0.102;242.640;1.400;0.000;0.000;0.000
26/11/2007;15:18:00;0.316;0.100;242.470;1.400;0.000;0.000;0.000
26/11/2007;15:19:00;0.280;0.050;242.360;1.200;0.000;0.000;0.000
26/11/2007;15:20:00;0.222;0.000;242.790;1.000;0.000;0.000;0.000
26/11/2007;15:21:00;0.222;0.000;243.040;1.000;0.000;0.000;0.000
26/11/2007;15:22:00;0.222;0.000;243.310;1.000;0.000;0.000;0.000
26/11/2007;15:23:00;0.224;0.000;244.410;1.000;0.000;0.000;0.000
26/11/2007;15:24:00;0.224;0.000;244.600;1.000;0.000;0.000;0.000
26/11/2007;15:25:00;0.224;0.000;244.250;1.000;0.000;0.000;0.000
26/11/2007;15:26:00;0.224;0.000;244.560;1.000;0.000;0.000;0.000
26/11/2007;15:27:00;0.224;0.000;244.700;1.000;0.000;0.000;0.000
26/11/2007;15:28:00;0.222;0.000;243.810;1.000;0.000;0.000;0.000
26/11/2007;15:29:00;0.222;0.000;243.700;1.000;0.000;0.000;0.000
26/11/2007;15:30:00;0.222;0.000;243.890;1.000;0.000;0.000;0.000
26/11/2007;15:31:00;0.224;0.000;244.300;1.000;0.000;0.000;0.000
26/11/2007;15:32:00;0.226;0.000;245.020;1.000;0.000;0.000;0.000
26/11/2007;15:33:00;0.296;0.054;244.740;1.400;0.000;0.000;0.000
26/11/2007;15:34:00;0.312;0.098;244.880;1.200;0.000;2.000;0.000
26/11/2007;15:35:00;0.308;0.098;244.830;1.200;0.000;1.000;0.000
26/11/2007;15:36:00;0.310;0.096;244.670;1.200;0.000;2.000;0.000
26/11/2007;15:37:00;0.312;0.098;245.150;1.200;0.000;1.000;0.000
26/11/2007;15:38:00;0.310;0.098;244.790;1.200;0.000;2.000;0.000
26/11/2007;15:39:00;0.310;0.096;244.680;1.200;0.000;1.000;0.000
26/11/2007;15:40:00;0.310;0.094;243.950;1.200;0.000;1.000;0.000
26/11/2007;15:41:00;0.310;0.094;244.390;1.200;0.000;2.000;0.000
26/11/2007;15:42:00;0.334;0.110;244.430;1.600;0.000;1.000;0.000
26/11/2007;15:43:00;0.386;0.204;244.920;1.800;0.000;2.000;0.000
26/11/2007;15:44:00;0.386;0.202;244.640;1.800;0.000;1.000;0.000
26/11/2007;15:45:00;0.456;0.274;243.980;2.200;0.000;2.000;0.000
26/11/2007;15:46:00;0.492;0.340;244.180;2.400;0.000;1.000;0.000
26/11/2007;15:47:00;0.464;0.306;244.030;2.200;0.000;1.000;0.000
26/11/2007;15:48:00;0.404;0.214;244.100;1.800;0.000;0.000;0.000
26/11/2007;15:49:00;0.400;0.212;243.810;1.800;0.000;0.000;0.000
26/11/2007;15:50:00;0.398;0.210;243.610;1.800;0.000;0.000;0.000
26/11/2007;15:51:00;0.398;0.212;244.140;1.800;0.000;0.000;0.000
26/11/2007;15:52:00;0.396;0.214;244.280;1.800;0.000;0.000;0.000
26/11/2007;15:53:00;0.394;0.214;244.490;1.800;0.000;0.000;0.000
26/11/2007;15:54:00;0.352;0.150;243.820;1.600;0.000;0.000;0.000
26/11/2007;15:55:00;0.330;0.106;243.980;1.400;0.000;0.000;0.000
26/11/2007;15:56:00;0.328;0.106;243.990;1.400;0.000;0.000;0.000
26/11/2007;15:57:00;0.326;0.106;243.950;1.400;0.000;0.000;0.000
26/11/2007;15:58:00;0.324;0.106;244.020;1.400;0.000;0.000;0.000
26/11/2007;15:59:00;0.318;0.104;243.650;1.400;0.000;0.000;0.000
26/11/2007;16:00:00;0.298;0.076;243.660;1.200;0.000;0.000;0.000
26/11/2007;16:01:00;0.224;0.000;243.840;1.000;0.000;0.000;0.000
26/11/2007;16:02:00;0.222;0.000;243.740;1.000;0.000;0.000;0.000
26/11/2007;16:03:00;0.224;0.000;244.120;1.000;0.000;0.000;0.000
26/11/2007;16:04:00;0.222;0.000;243.130;1.000;0.000;0.000;0.000
26/11/2007;16:05:00;0.224;0.000;243.890;1.000;0.000;0.000;0.000
26/11/2007;16:06:00;0.224;0.000;243.960;1.000;0.000;0.000;0.000
26/11/2007;16:07:00;0.222;0.000;243.280;1.000;0.000;0.000;0.000
26/11/2007;16:08:00;0.220;0.000;242.620;1.000;0.000;0.000;0.000
26/11/2007;16:09:00;0.220;0.000;242.360;1.000;0.000;0.000;0.000
26/11/2007;16:10:00;0.230;0.000;243.250;1.000;0.000;0.000;0.000
26/11/2007;16:11:00;0.230;0.000;243.950;1.000;0.000;0.000;0.000
26/11/2007;16:12:00;0.230;0.000;243.880;1.000;0.000;0.000;0.000
26/11/2007;16:13:00;0.230;0.000;243.540;1.000;0.000;0.000;0.000
26/11/2007;16:14:00;0.228;0.000;242.960;1.000;0.000;0.000;0.000
26/11/2007;16:15:00;0.228;0.000;243.280;1.000;0.000;0.000;0.000
26/11/2007;16:16:00;0.228;0.000;243.400;1.000;0.000;0.000;0.000
26/11/2007;16:17:00;0.228;0.000;243.010;1.000;0.000;0.000;0.000
26/11/2007;16:18:00;0.228;0.000;242.860;1.000;0.000;0.000;0.000
26/11/2007;16:19:00;0.228;0.000;243.650;1.000;0.000;0.000;0.000
26/11/2007;16:20:00;0.230;0.000;244.150;1.000;0.000;0.000;0.000
26/11/2007;16:21:00;0.228;0.000;244.120;1.000;0.000;0.000;0.000
26/11/2007;16:22:00;0.228;0.000;244.120;1.000;0.000;0.000;0.000
26/11/2007;16:23:00;0.228;0.000;243.700;1.000;0.000;0.000;0.000
26/11/2007;16:24:00;0.230;0.000;244.270;1.000;0.000;0.000;0.000
26/11/2007;16:25:00;0.228;0.000;244.160;1.000;0.000;0.000;0.000
26/11/2007;16:26:00;0.262;0.000;243.900;1.200;0.000;0.000;0.000
26/11/2007;16:27:00;0.418;0.196;243.760;2.000;0.000;0.000;0.000
26/11/2007;16:28:00;0.414;0.208;243.070;1.800;0.000;0.000;0.000
26/11/2007;16:29:00;0.412;0.208;243.180;1.800;0.000;0.000;0.000
26/11/2007;16:30:00;0.410;0.210;243.710;1.800;0.000;0.000;0.000
26/11/2007;16:31:00;0.408;0.208;243.240;1.800;0.000;0.000;0.000
26/11/2007;16:32:00;0.406;0.210;243.580;1.800;0.000;0.000;0.000
26/11/2007;16:33:00;0.402;0.208;243.010;1.800;0.000;0.000;0.000
26/11/2007;16:34:00;0.398;0.204;242.400;1.800;0.000;0.000;0.000
26/11/2007;16:35:00;0.398;0.206;242.760;1.800;0.000;0.000;0.000
26/11/2007;16:36:00;0.396;0.206;242.910;1.800;0.000;0.000;0.000
26/11/2007;16:37:00;0.390;0.206;242.950;1.800;0.000;0.000;0.000
26/11/2007;16:38:00;0.342;0.142;244.490;1.400;0.000;0.000;0.000
26/11/2007;16:39:00;0.320;0.108;245.010;1.400;0.000;0.000;0.000
26/11/2007;16:40:00;0.320;0.108;244.670;1.400;0.000;0.000;0.000
26/11/2007;16:41:00;0.320;0.110;244.800;1.400;0.000;0.000;0.000
26/11/2007;16:42:00;0.268;0.000;243.940;1.200;0.000;0.000;0.000
26/11/2007;16:43:00;0.222;0.000;244.080;1.000;0.000;0.000;0.000
26/11/2007;16:44:00;0.226;0.000;243.530;1.000;0.000;0.000;0.000
26/11/2007;16:45:00;0.226;0.000;242.920;1.000;0.000;0.000;0.000
26/11/2007;16:46:00;0.228;0.000;243.160;1.000;0.000;0.000;0.000
26/11/2007;16:47:00;0.228;0.000;243.420;1.000;0.000;0.000;0.000
26/11/2007;16:48:00;0.230;0.000;244.690;1.000;0.000;0.000;0.000
26/11/2007;16:49:00;0.228;0.000;244.430;1.000;0.000;0.000;0.000
26/11/2007;16:50:00;0.222;0.000;244.110;1.000;0.000;0.000;0.000
26/11/2007;16:51:00;0.222;0.000;244.580;1.000;0.000;0.000;0.000
26/11/2007;16:52:00;0.222;0.000;244.470;1.000;0.000;0.000;0.000
26/11/2007;16:53:00;0.222;0.000;244.370;1.000;0.000;0.000;0.000
26/11/2007;16:54:00;0.222;0.000;243.860;1.000;0.000;0.000;0.000
26/11/2007;16:55:00;0.220;0.000;243.500;1.000;0.000;0.000;0.000
26/11/2007;16:56:00;0.220;0.000;243.480;1.000;0.000;0.000;0.000
26/11/2007;16:57:00;0.222;0.000;243.910;1.000;0.000;0.000;0.000
26/11/2007;16:58:00;0.220;0.000;242.960;1.000;0.000;0.000;0.000
26/11/2007;16:59:00;0.224;0.000;242.070;1.000;0.000;0.000;0.000
26/11/2007;17:00:00;0.226;0.000;242.220;1.000;0.000;0.000;0.000
26/11/2007;17:01:00;0.226;0.000;242.130;1.000;0.000;0.000;0.000
26/11/2007;17:02:00;0.220;0.000;241.810;1.000;0.000;0.000;0.000
26/11/2007;17:03:00;0.218;0.000;241.500;1.000;0.000;0.000;0.000
26/11/2007;17:04:00;0.218;0.000;241.960;1.000;0.000;0.000;0.000
26/11/2007;17:05:00;0.218;0.000;241.940;1.000;0.000;0.000;0.000
26/11/2007;17:06:00;0.218;0.000;241.780;1.000;0.000;0.000;0.000
26/11/2007;17:07:00;0.216;0.000;241.060;1.000;0.000;0.000;0.000
26/11/2007;17:08:00;0.276;0.000;241.380;1.200;0.000;0.000;0.000
26/11/2007;17:09:00;0.328;0.094;241.120;1.400;0.000;0.000;0.000
26/11/2007;17:10:00;0.326;0.098;242.110;1.400;0.000;0.000;0.000
26/11/2007;17:11:00;0.356;0.118;241.140;1.600;0.000;0.000;0.000
26/11/2007;17:12:00;0.460;0.266;240.730;2.200;0.000;0.000;0.000
26/11/2007;17:13:00;0.478;0.312;239.450;2.400;0.000;1.000;0.000
26/11/2007;17:14:00;0.476;0.312;239.480;2.400;0.000;2.000;0.000
26/11/2007;17:15:00;0.474;0.312;239.570;2.400;0.000;1.000;0.000
26/11/2007;17:16:00;0.474;0.316;240.130;2.400;0.000;2.000;0.000
26/11/2007;17:17:00;0.470;0.310;239.170;2.200;0.000;1.000;0.000
26/11/2007;17:18:00;0.466;0.310;239.230;2.200;0.000;1.000;0.000
26/11/2007;17:19:00;0.466;0.316;240.090;2.200;0.000;2.000;0.000
26/11/2007;17:20:00;0.466;0.318;240.450;2.200;0.000;1.000;0.000
26/11/2007;17:21:00;0.462;0.312;239.530;2.200;0.000;2.000;0.000
26/11/2007;17:22:00;0.460;0.308;238.760;2.200;0.000;1.000;0.000
26/11/2007;17:23:00;0.432;0.268;238.310;2.000;0.000;1.000;0.000
26/11/2007;17:24:00;0.296;0.076;238.690;1.200;0.000;2.000;0.000
26/11/2007;17:25:00;0.294;0.074;237.960;1.200;0.000;1.000;0.000
26/11/2007;17:26:00;0.276;0.048;237.710;1.200;0.000;1.000;0.000
26/11/2007;17:27:00;0.214;0.000;239.320;1.000;0.000;0.000;0.000
26/11/2007;17:28:00;0.214;0.000;239.330;1.000;0.000;0.000;0.000
26/11/2007;17:29:00;0.216;0.000;240.190;1.000;0.000;0.000;0.000
26/11/2007;17:30:00;0.216;0.000;239.780;1.000;0.000;0.000;0.000
26/11/2007;17:31:00;0.216;0.000;239.660;1.000;0.000;0.000;0.000
26/11/2007;17:32:00;0.214;0.000;239.410;1.000;0.000;0.000;0.000
26/11/2007;17:33:00;0.216;0.000;240.070;1.000;0.000;0.000;0.000
26/11/2007;17:34:00;0.216;0.000;240.620;1.000;0.000;0.000;0.000
26/11/2007;17:35:00;0.216;0.000;239.810;1.000;0.000;0.000;0.000
26/11/2007;17:36:00;0.262;0.000;240.250;1.200;0.000;0.000;0.000
26/11/2007;17:37:00;0.596;0.048;239.740;2.400;0.000;0.000;0.000
26/11/2007;17:38:00;0.508;0.000;240.870;2.000;0.000;0.000;0.000
26/11/2007;17:39:00;0.512;0.000;240.850;2.000;0.000;0.000;0.000
26/11/2007;17:40:00;0.574;0.000;241.150;2.400;0.000;0.000;0.000
26/11/2007;17:41:00;0.570;0.046;240.290;2.400;0.000;0.000;0.000
26/11/2007;17:42:00;0.574;0.000;240.940;2.400;0.000;0.000;0.000
26/11/2007;17:43:00;0.572;0.046;240.760;2.400;0.000;0.000;0.000
26/11/2007;17:44:00;0.572;0.046;240.710;2.400;0.000;0.000;0.000
26/11/2007;17:45:00;0.570;0.046;239.970;2.400;0.000;0.000;0.000
26/11/2007;17:46:00;0.570;0.046;240.190;2.400;0.000;0.000;0.000
26/11/2007;17:47:00;0.568;0.048;239.540;2.400;0.000;0.000;0.000
26/11/2007;17:48:00;0.568;0.046;239.750;2.400;0.000;0.000;0.000
26/11/2007;17:49:00;0.570;0.046;240.140;2.400;0.000;0.000;0.000
26/11/2007;17:50:00;0.674;0.064;240.590;2.800;0.000;0.000;0.000
26/11/2007;17:51:00;0.682;0.088;240.790;2.800;0.000;0.000;0.000
26/11/2007;17:52:00;0.676;0.086;240.280;2.800;0.000;0.000;0.000
26/11/2007;17:53:00;0.674;0.086;240.390;2.800;0.000;0.000;0.000
26/11/2007;17:54:00;0.672;0.086;240.280;2.800;0.000;0.000;0.000
26/11/2007;17:55:00;0.668;0.082;239.710;2.800;0.000;0.000;0.000
26/11/2007;17:56:00;0.668;0.084;239.990;2.800;0.000;0.000;0.000
26/11/2007;17:57:00;0.736;0.154;240.060;3.200;0.000;0.000;0.000
26/11/2007;17:58:00;0.742;0.186;239.930;3.200;0.000;0.000;0.000
26/11/2007;17:59:00;0.754;0.192;241.440;3.200;0.000;0.000;0.000
26/11/2007;18:00:00;0.752;0.190;241.030;3.200;0.000;0.000;0.000
26/11/2007;18:01:00;0.744;0.186;239.760;3.200;0.000;0.000;0.000
26/11/2007;18:02:00;0.742;0.186;239.740;3.200;0.000;0.000;0.000
26/11/2007;18:03:00;0.740;0.184;239.650;3.200;0.000;0.000;0.000
26/11/2007;18:04:00;0.738;0.186;240.000;3.200;0.000;0.000;0.000
26/11/2007;18:05:00;0.648;0.068;239.760;2.600;0.000;0.000;0.000
26/11/2007;18:06:00;0.636;0.052;239.400;2.600;0.000;0.000;0.000
26/11/2007;18:07:00;0.634;0.052;238.900;2.600;0.000;0.000;0.000
26/11/2007;18:08:00;0.618;0.000;239.230;2.600;0.000;0.000;0.000
26/11/2007;18:09:00;0.568;0.048;239.430;2.400;0.000;0.000;0.000
26/11/2007;18:10:00;0.566;0.048;238.800;2.400;0.000;0.000;0.000
26/11/2007;18:11:00;0.562;0.050;238.140;2.400;0.000;0.000;0.000
26/11/2007;18:12:00;0.564;0.048;238.580;2.400;0.000;0.000;0.000
26/11/2007;18:13:00;0.562;0.050;238.000;2.400;0.000;0.000;0.000
26/11/2007;18:14:00;0.568;0.050;237.950;2.400;0.000;0.000;0.000
26/11/2007;18:15:00;0.568;0.050;237.720;2.400;0.000;0.000;0.000
26/11/2007;18:16:00;0.566;0.050;237.520;2.400;0.000;0.000;0.000
26/11/2007;18:17:00;0.566;0.050;237.140;2.400;0.000;0.000;0.000
26/11/2007;18:18:00;0.568;0.050;237.650;2.400;0.000;0.000;0.000
26/11/2007;18:19:00;0.566;0.050;237.520;2.400;0.000;0.000;0.000
26/11/2007;18:20:00;0.566;0.050;237.610;2.400;0.000;0.000;0.000
26/11/2007;18:21:00;0.566;0.050;237.380;2.400;0.000;0.000;0.000
26/11/2007;18:22:00;0.566;0.050;237.420;2.400;0.000;0.000;0.000
26/11/2007;18:23:00;0.560;0.050;237.660;2.400;0.000;0.000;0.000
26/11/2007;18:24:00;0.562;0.050;238.130;2.400;0.000;0.000;0.000
26/11/2007;18:25:00;0.560;0.050;237.500;2.400;0.000;0.000;0.000
26/11/2007;18:26:00;0.558;0.052;237.200;2.400;0.000;0.000;0.000
26/11/2007;18:27:00;0.560;0.050;237.560;2.400;0.000;0.000;0.000
26/11/2007;18:28:00;0.562;0.050;238.280;2.400;0.000;0.000;0.000
26/11/2007;18:29:00;0.566;0.050;237.820;2.400;0.000;0.000;0.000
26/11/2007;18:30:00;0.568;0.050;238.000;2.400;0.000;0.000;0.000
26/11/2007;18:31:00;0.642;0.000;237.980;2.600;0.000;0.000;0.000
26/11/2007;18:32:00;0.678;0.080;238.520;2.800;0.000;0.000;0.000
26/11/2007;18:33:00;0.670;0.076;237.550;2.800;0.000;0.000;0.000
26/11/2007;18:34:00;0.672;0.080;238.280;2.800;0.000;0.000;0.000
26/11/2007;18:35:00;0.670;0.080;238.330;2.800;0.000;0.000;0.000
26/11/2007;18:36:00;0.674;0.082;239.400;2.800;0.000;0.000;0.000
26/11/2007;18:37:00;0.666;0.078;238.000;2.800;0.000;0.000;0.000
26/11/2007;18:38:00;0.668;0.080;238.470;2.800;0.000;0.000;0.000
26/11/2007;18:39:00;0.666;0.080;238.790;2.800;0.000;0.000;0.000
26/11/2007;18:40:00;0.660;0.080;238.670;2.800;0.000;0.000;0.000
26/11/2007;18:41:00;0.662;0.082;239.490;2.800;0.000;0.000;0.000
26/11/2007;18:42:00;0.668;0.088;241.160;2.800;0.000;0.000;0.000
26/11/2007;18:43:00;0.750;0.178;240.780;3.200;0.000;0.000;0.000
26/11/2007;18:44:00;0.750;0.194;241.460;3.200;0.000;0.000;0.000
26/11/2007;18:45:00;0.744;0.186;239.730;3.200;0.000;0.000;0.000
26/11/2007;18:46:00;0.680;0.098;239.370;2.800;0.000;0.000;0.000
26/11/2007;18:47:00;0.654;0.078;238.980;2.800;0.000;0.000;0.000
26/11/2007;18:48:00;0.736;0.258;238.970;3.200;0.000;0.000;0.000
26/11/2007;18:49:00;0.740;0.244;239.140;3.200;0.000;0.000;0.000
26/11/2007;18:50:00;1.030;0.100;238.310;4.400;0.000;0.000;0.000
26/11/2007;18:51:00;1.640;0.196;238.550;7.000;0.000;0.000;0.000
26/11/2007;18:52:00;1.470;0.178;237.660;6.200;0.000;2.000;0.000
26/11/2007;18:53:00;1.684;0.162;237.760;7.000;0.000;1.000;0.000
26/11/2007;18:54:00;1.898;0.130;238.600;7.800;0.000;2.000;0.000
26/11/2007;18:55:00;1.826;0.060;239.050;7.600;0.000;1.000;0.000
26/11/2007;18:56:00;1.918;0.066;238.620;8.000;0.000;1.000;0.000
26/11/2007;18:57:00;2.028;0.068;239.750;8.400;0.000;2.000;0.000
26/11/2007;18:58:00;2.360;0.088;238.460;9.800;0.000;1.000;0.000
26/11/2007;18:59:00;2.214;0.092;238.930;9.200;0.000;2.000;0.000
26/11/2007;19:00:00;2.236;0.096;239.970;9.200;0.000;1.000;0.000
26/11/2007;19:01:00;2.028;0.100;240.510;8.400;0.000;1.000;0.000
26/11/2007;19:02:00;1.950;0.098;239.800;8.000;0.000;2.000;0.000
26/11/2007;19:03:00;1.966;0.098;240.000;8.200;0.000;1.000;0.000
26/11/2007;19:04:00;1.982;0.100;240.500;8.200;0.000;2.000;0.000
26/11/2007;19:05:00;1.950;0.088;240.440;8.000;0.000;1.000;0.000
26/11/2007;19:06:00;1.916;0.000;240.660;8.000;0.000;0.000;0.000
26/11/2007;19:07:00;1.970;0.112;240.060;8.200;0.000;0.000;0.000
26/11/2007;19:08:00;1.958;0.110;239.610;8.200;0.000;0.000;0.000
26/11/2007;19:09:00;2.180;0.294;238.450;9.200;0.000;0.000;0.000
26/11/2007;19:10:00;2.186;0.302;238.790;9.200;0.000;0.000;0.000
26/11/2007;19:11:00;2.174;0.292;238.240;9.200;0.000;0.000;0.000
26/11/2007;19:12:00;2.180;0.288;238.530;9.200;0.000;0.000;0.000
26/11/2007;19:13:00;2.182;0.284;238.780;9.200;0.000;0.000;0.000
26/11/2007;19:14:00;2.182;0.280;238.410;9.200;0.000;0.000;0.000
26/11/2007;19:15:00;2.226;0.336;237.550;9.400;0.000;0.000;0.000
26/11/2007;19:16:00;2.246;0.376;238.520;9.400;0.000;0.000;0.000
26/11/2007;19:17:00;2.254;0.378;239.180;9.400;0.000;0.000;0.000
26/11/2007;19:18:00;2.254;0.374;239.130;9.400;0.000;0.000;0.000
26/11/2007;19:19:00;2.268;0.376;239.760;9.600;0.000;0.000;0.000
26/11/2007;19:20:00;2.718;0.374;239.830;11.600;0.000;0.000;5.000
26/11/2007;19:21:00;3.330;0.360;238.070;14.000;0.000;0.000;18.000
26/11/2007;19:22:00;3.318;0.360;238.330;14.000;0.000;0.000;18.000
26/11/2007;19:23:00;3.312;0.360;238.620;13.800;0.000;0.000;18.000
26/11/2007;19:24:00;3.264;0.352;236.950;13.800;0.000;0.000;17.000
26/11/2007;19:25:00;3.264;0.350;236.690;13.800;0.000;0.000;17.000
26/11/2007;19:26:00;3.210;0.254;237.830;13.400;0.000;0.000;18.000
26/11/2007;19:27:00;3.192;0.226;238.000;13.400;0.000;0.000;17.000
26/11/2007;19:28:00;3.206;0.224;238.130;13.400;0.000;0.000;18.000
26/11/2007;19:29:00;3.212;0.224;238.350;13.400;0.000;0.000;17.000
26/11/2007;19:30:00;3.208;0.226;238.370;13.400;0.000;0.000;18.000
26/11/2007;19:31:00;3.174;0.224;237.770;13.400;0.000;0.000;17.000
26/11/2007;19:32:00;3.196;0.228;238.770;13.400;0.000;0.000;17.000
26/11/2007;19:33:00;3.192;0.226;238.680;13.400;0.000;0.000;18.000
26/11/2007;19:34:00;3.196;0.226;238.830;13.400;0.000;0.000;17.000
26/11/2007;19:35:00;3.200;0.226;239.050;13.400;0.000;0.000;18.000
26/11/2007;19:36:00;3.390;0.222;239.000;14.200;0.000;0.000;18.000
26/11/2007;19:37:00;3.278;0.222;238.380;13.800;0.000;0.000;17.000
26/11/2007;19:38:00;3.178;0.222;238.060;13.200;0.000;0.000;17.000
26/11/2007;19:39:00;3.194;0.224;238.900;13.400;0.000;0.000;18.000
26/11/2007;19:40:00;4.704;0.162;237.080;20.600;0.000;0.000;17.000
26/11/2007;19:41:00;5.788;0.104;235.790;24.400;0.000;0.000;17.000
26/11/2007;19:42:00;5.774;0.102;235.310;24.400;0.000;0.000;17.000
26/11/2007;19:43:00;5.340;0.092;236.210;22.600;0.000;0.000;17.000
26/11/2007;19:44:00;2.602;0.108;238.980;10.800;0.000;0.000;18.000
26/11/2007;19:45:00;2.614;0.108;239.570;10.800;0.000;0.000;17.000
26/11/2007;19:46:00;2.616;0.108;239.700;10.800;0.000;0.000;18.000
26/11/2007;19:47:00;2.626;0.110;240.270;10.800;0.000;0.000;18.000
26/11/2007;19:48:00;2.636;0.110;240.730;10.800;0.000;0.000;17.000
26/11/2007;19:49:00;2.644;0.112;241.200;10.800;0.000;0.000;18.000
26/11/2007;19:50:00;3.864;0.442;240.000;16.600;0.000;0.000;18.000
26/11/2007;19:51:00;3.104;0.272;241.740;13.400;0.000;0.000;18.000
26/11/2007;19:52:00;2.530;0.098;241.860;10.400;0.000;0.000;18.000
26/11/2007;19:53:00;2.532;0.098;242.120;10.400;0.000;0.000;18.000
26/11/2007;19:54:00;2.546;0.100;243.000;10.400;0.000;0.000;18.000
26/11/2007;19:55:00;2.538;0.100;242.630;10.400;0.000;0.000;18.000
26/11/2007;19:56:00;2.532;0.100;242.340;10.400;0.000;0.000;18.000
26/11/2007;19:57:00;2.538;0.102;242.870;10.400;0.000;0.000;18.000
26/11/2007;19:58:00;2.528;0.098;242.270;10.400;0.000;0.000;18.000
26/11/2007;19:59:00;2.522;0.096;241.980;10.400;0.000;0.000;18.000
26/11/2007;20:00:00;2.532;0.100;242.570;10.400;0.000;0.000;18.000
26/11/2007;20:01:00;2.506;0.094;241.190;10.400;0.000;0.000;18.000
26/11/2007;20:02:00;2.502;0.094;240.890;10.400;0.000;0.000;17.000
26/11/2007;20:03:00;2.450;0.080;240.550;10.200;0.000;0.000;18.000
26/11/2007;20:04:00;2.450;0.078;241.370;10.000;0.000;0.000;18.000
26/11/2007;20:05:00;2.448;0.078;241.220;10.000;0.000;0.000;18.000
26/11/2007;20:06:00;2.430;0.062;240.790;10.000;0.000;0.000;18.000
26/11/2007;20:07:00;2.346;0.056;240.640;9.600;0.000;0.000;17.000
26/11/2007;20:08:00;2.344;0.056;240.600;9.600;0.000;0.000;18.000
26/11/2007;20:09:00;2.352;0.054;241.010;9.600;0.000;0.000;18.000
26/11/2007;20:10:00;2.350;0.054;240.850;9.600;0.000;0.000;18.000
26/11/2007;20:11:00;2.340;0.056;240.270;9.600;0.000;0.000;17.000
26/11/2007;20:12:00;2.342;0.056;240.390;9.600;0.000;0.000;18.000
26/11/2007;20:13:00;2.436;0.000;240.970;10.000;0.000;0.000;18.000
26/11/2007;20:14:00;2.660;0.000;240.140;11.000;0.000;0.000;18.000
26/11/2007;20:15:00;2.746;0.000;240.260;11.400;0.000;0.000;17.000
26/11/2007;20:16:00;2.950;0.000;239.490;12.200;0.000;0.000;18.000
26/11/2007;20:17:00;3.374;0.000;238.010;14.200;0.000;0.000;17.000
26/11/2007;20:18:00;3.694;0.000;237.120;15.600;0.000;0.000;17.000
26/11/2007;20:19:00;3.106;0.102;238.170;13.000;0.000;0.000;18.000
26/11/2007;20:20:00;3.358;0.088;238.440;14.200;2.000;0.000;17.000
26/11/2007;20:21:00;4.440;0.072;238.240;18.600;1.000;0.000;18.000
26/11/2007;20:22:00;3.406;0.082;239.200;14.400;1.000;0.000;17.000
26/11/2007;20:23:00;3.090;0.080;239.030;12.800;1.000;0.000;18.000
26/11/2007;20:24:00;3.946;0.100;237.890;17.000;2.000;0.000;17.000
26/11/2007;20:25:00;3.762;0.062;238.120;15.800;1.000;0.000;17.000
26/11/2007;20:26:00;3.780;0.060;238.800;15.800;1.000;0.000;18.000
26/11/2007;20:27:00;3.754;0.060;238.420;15.800;1.000;0.000;17.000
26/11/2007;20:28:00;3.444;0.064;238.140;14.400;1.000;0.000;18.000
26/11/2007;20:29:00;3.464;0.066;238.910;14.400;2.000;0.000;17.000
26/11/2007;20:30:00;3.528;0.140;239.490;14.800;1.000;0.000;18.000
26/11/2007;20:31:00;3.536;0.196;238.870;14.800;1.000;1.000;17.000
26/11/2007;20:32:00;3.644;0.314;238.430;15.400;1.000;2.000;18.000
26/11/2007;20:33:00;3.614;0.312;237.890;15.200;2.000;1.000;17.000
26/11/2007;20:34:00;3.584;0.256;238.120;15.000;1.000;1.000;17.000
26/11/2007;20:35:00;3.652;0.214;238.730;15.400;1.000;2.000;18.000
26/11/2007;20:36:00;3.658;0.216;239.380;15.200;1.000;1.000;18.000
26/11/2007;20:37:00;3.558;0.244;238.770;15.000;1.000;2.000;17.000
26/11/2007;20:38:00;3.302;0.240;238.580;14.000;1.000;1.000;15.000
26/11/2007;20:39:00;2.514;0.236;239.090;10.600;1.000;1.000;0.000
26/11/2007;20:40:00;4.050;0.214;237.480;17.600;23.000;2.000;0.000
26/11/2007;20:41:00;4.686;0.204;237.160;19.800;38.000;1.000;0.000
26/11/2007;20:42:00;4.684;0.206;237.280;19.800;38.000;2.000;0.000
26/11/2007;20:43:00;4.732;0.204;236.530;20.000;37.000;1.000;0.000
26/11/2007;20:44:00;4.990;0.192;236.530;21.000;38.000;1.000;0.000
26/11/2007;20:45:00;4.798;0.084;236.640;20.200;37.000;0.000;0.000
26/11/2007;20:46:00;4.772;0.084;236.390;20.200;37.000;0.000;0.000
26/11/2007;20:47:00;4.802;0.062;236.390;20.400;38.000;0.000;0.000
26/11/2007;20:48:00;4.726;0.000;236.400;20.000;37.000;0.000;0.000
26/11/2007;20:49:00;4.708;0.046;236.140;20.000;37.000;0.000;0.000
26/11/2007;20:50:00;4.664;0.000;237.560;19.600;38.000;0.000;0.000
26/11/2007;20:51:00;4.578;0.000;237.990;19.200;37.000;0.000;0.000
26/11/2007;20:52:00;3.954;0.000;238.240;17.200;33.000;0.000;0.000
26/11/2007;20:53:00;1.862;0.000;240.340;7.800;1.000;0.000;0.000
26/11/2007;20:54:00;1.808;0.000;240.510;7.600;1.000;0.000;0.000
26/11/2007;20:55:00;1.814;0.000;240.500;7.600;1.000;0.000;0.000
26/11/2007;20:56:00;1.812;0.000;240.490;7.600;1.000;0.000;0.000
26/11/2007;20:57:00;1.812;0.000;240.230;7.600;2.000;0.000;0.000
26/11/2007;20:58:00;1.802;0.046;239.600;7.600;1.000;0.000;0.000
26/11/2007;20:59:00;1.800;0.046;239.080;7.600;1.000;0.000;0.000
26/11/2007;21:00:00;1.804;0.000;239.600;7.600;1.000;0.000;0.000
26/11/2007;21:01:00;1.820;0.000;241.240;7.600;1.000;0.000;0.000
26/11/2007;21:02:00;1.824;0.000;241.880;7.600;2.000;0.000;0.000
26/11/2007;21:03:00;1.882;0.000;240.010;8.000;1.000;0.000;0.000
26/11/2007;21:04:00;1.876;0.056;239.640;8.000;1.000;0.000;0.000
26/11/2007;21:05:00;1.874;0.056;239.530;8.000;1.000;0.000;0.000
26/11/2007;21:06:00;1.876;0.056;239.890;8.000;1.000;0.000;0.000
26/11/2007;21:07:00;1.874;0.056;239.720;8.000;2.000;0.000;0.000
26/11/2007;21:08:00;1.874;0.058;240.040;7.800;1.000;0.000;0.000
26/11/2007;21:09:00;1.876;0.058;240.480;7.800;1.000;0.000;0.000
26/11/2007;21:10:00;1.864;0.058;239.620;7.800;1.000;0.000;0.000
26/11/2007;21:11:00;1.866;0.054;239.490;7.800;1.000;0.000;0.000
26/11/2007;21:12:00;1.870;0.058;240.090;7.800;2.000;0.000;0.000
26/11/2007;21:13:00;1.898;0.120;239.830;8.000;1.000;0.000;0.000
26/11/2007;21:14:00;1.908;0.168;239.190;8.000;1.000;0.000;0.000
26/11/2007;21:15:00;1.894;0.136;239.960;8.000;1.000;0.000;0.000
26/11/2007;21:16:00;1.856;0.070;240.730;7.800;1.000;0.000;0.000
26/11/2007;21:17:00;1.854;0.070;240.480;7.800;2.000;0.000;0.000
26/11/2007;21:18:00;1.868;0.074;241.360;7.800;1.000;0.000;0.000
26/11/2007;21:19:00;1.868;0.076;241.820;7.800;1.000;0.000;0.000
26/11/2007;21:20:00;1.868;0.076;241.550;7.800;1.000;0.000;0.000
26/11/2007;21:21:00;1.860;0.074;241.120;7.800;1.000;0.000;0.000
26/11/2007;21:22:00;1.854;0.070;240.590;7.800;2.000;0.000;0.000
26/11/2007;21:23:00;1.846;0.068;240.340;7.800;1.000;0.000;0.000
26/11/2007;21:24:00;1.844;0.068;240.620;7.800;1.000;0.000;0.000
26/11/2007;21:25:00;1.846;0.068;240.910;7.800;1.000;0.000;0.000
26/11/2007;21:26:00;1.848;0.066;240.470;7.800;2.000;0.000;0.000
26/11/2007;21:27:00;1.846;0.068;240.840;7.800;1.000;0.000;0.000
26/11/2007;21:28:00;1.820;0.000;239.570;7.600;1.000;0.000;0.000
26/11/2007;21:29:00;1.736;0.066;239.190;7.400;1.000;0.000;0.000
26/11/2007;21:30:00;1.738;0.066;238.970;7.400;1.000;0.000;0.000
26/11/2007;21:31:00;1.738;0.062;239.720;7.400;2.000;0.000;0.000
26/11/2007;21:32:00;1.754;0.058;240.480;7.400;1.000;0.000;0.000
26/11/2007;21:33:00;1.758;0.058;240.890;7.400;1.000;0.000;0.000
26/11/2007;21:34:00;1.772;0.054;241.710;7.400;1.000;0.000;0.000
26/11/2007;21:35:00;1.766;0.052;241.090;7.400;2.000;0.000;0.000
26/11/2007;21:36:00;1.758;0.060;240.140;7.400;1.000;0.000;0.000
26/11/2007;21:37:00;1.756;0.062;240.590;7.400;1.000;0.000;0.000
26/11/2007;21:38:00;1.768;0.060;241.400;7.400;1.000;0.000;0.000
26/11/2007;21:39:00;1.770;0.058;241.740;7.400;1.000;0.000;0.000
26/11/2007;21:40:00;1.764;0.060;241.340;7.400;2.000;0.000;0.000
26/11/2007;21:41:00;1.808;0.058;242.450;7.600;1.000;0.000;0.000
26/11/2007;21:42:00;1.850;0.056;242.580;7.600;1.000;0.000;0.000
26/11/2007;21:43:00;2.256;0.000;242.550;9.400;1.000;0.000;0.000
26/11/2007;21:44:00;2.330;0.000;242.780;9.600;1.000;0.000;0.000
26/11/2007;21:45:00;2.170;0.000;243.220;9.000;1.000;0.000;0.000
26/11/2007;21:46:00;1.866;0.064;242.480;7.800;1.000;0.000;0.000
26/11/2007;21:47:00;1.892;0.000;241.040;7.800;1.000;0.000;0.000
26/11/2007;21:48:00;1.882;0.000;240.610;7.800;1.000;0.000;0.000
26/11/2007;21:49:00;2.034;0.000;240.440;8.400;2.000;0.000;0.000
26/11/2007;21:50:00;2.026;0.000;239.440;8.400;1.000;0.000;0.000
26/11/2007;21:51:00;2.028;0.000;239.290;8.600;1.000;0.000;0.000
26/11/2007;21:52:00;1.904;0.000;239.070;8.000;1.000;0.000;0.000
26/11/2007;21:53:00;1.860;0.000;239.490;7.800;2.000;0.000;0.000
26/11/2007;21:54:00;1.858;0.066;240.360;7.800;0.000;0.000;0.000
26/11/2007;21:55:00;1.940;0.196;240.190;8.200;1.000;0.000;0.000
26/11/2007;21:56:00;1.922;0.198;240.790;8.000;1.000;0.000;0.000
26/11/2007;21:57:00;1.904;0.080;240.530;8.000;1.000;0.000;0.000
26/11/2007;21:58:00;3.448;0.050;237.680;15.000;24.000;0.000;0.000
26/11/2007;21:59:00;4.048;0.000;237.240;17.000;38.000;0.000;0.000
26/11/2007;22:00:00;3.642;0.056;238.530;15.200;37.000;0.000;0.000
26/11/2007;22:01:00;3.664;0.054;238.520;15.200;38.000;0.000;0.000
26/11/2007;22:02:00;3.632;0.054;238.270;15.200;38.000;0.000;0.000
26/11/2007;22:03:00;3.388;0.058;239.100;14.000;38.000;0.000;0.000
26/11/2007;22:04:00;3.404;0.060;239.780;14.200;38.000;0.000;0.000
26/11/2007;22:05:00;3.398;0.060;239.510;14.200;38.000;0.000;0.000
26/11/2007;22:06:00;3.514;0.054;238.580;14.600;38.000;0.000;0.000
26/11/2007;22:07:00;3.688;0.052;238.720;15.400;38.000;0.000;0.000
26/11/2007;22:08:00;3.682;0.052;238.160;15.600;37.000;0.000;0.000
26/11/2007;22:09:00;6.340;0.062;235.110;26.800;37.000;0.000;0.000
26/11/2007;22:10:00;6.280;0.056;234.580;26.600;36.000;1.000;0.000
26/11/2007;22:11:00;6.322;0.048;235.100;26.800;37.000;2.000;0.000
26/11/2007;22:12:00;1.990;0.154;239.770;10.200;7.000;1.000;0.000
26/11/2007;22:13:00;1.428;0.052;240.430;5.800;0.000;1.000;0.000
26/11/2007;22:14:00;1.254;0.056;240.770;5.200;0.000;2.000;0.000
26/11/2007;22:15:00;1.130;0.078;241.420;4.600;0.000;1.000;0.000
26/11/2007;22:16:00;1.134;0.090;241.200;4.600;1.000;2.000;0.000
26/11/2007;22:17:00;1.120;0.064;241.220;4.600;0.000;1.000;0.000
26/11/2007;22:18:00;1.108;0.058;240.960;4.600;0.000;2.000;0.000
26/11/2007;22:19:00;1.102;0.056;240.650;4.600;0.000;1.000;0.000
26/11/2007;22:20:00;1.108;0.058;241.690;4.600;0.000;1.000;0.000
26/11/2007;22:21:00;1.110;0.058;241.590;4.600;0.000;2.000;0.000
26/11/2007;22:22:00;1.118;0.064;243.530;4.600;0.000;1.000;0.000
26/11/2007;22:23:00;1.114;0.062;243.190;4.600;0.000;2.000;0.000
26/11/2007;22:24:00;1.042;0.000;242.820;4.200;0.000;0.000;0.000
26/11/2007;22:25:00;1.028;0.062;242.350;4.200;0.000;0.000;0.000
26/11/2007;22:26:00;1.028;0.062;242.390;4.200;0.000;0.000;0.000
26/11/2007;22:27:00;1.060;0.000;240.980;4.400;0.000;0.000;0.000
26/11/2007;22:28:00;1.094;0.000;241.080;4.400;0.000;0.000;0.000
26/11/2007;22:29:00;1.092;0.000;240.820;4.400;0.000;0.000;0.000
26/11/2007;22:30:00;1.096;0.000;241.390;4.400;0.000;0.000;0.000
26/11/2007;22:31:00;1.120;0.000;241.960;4.600;0.000;0.000;0.000
26/11/2007;22:32:00;0.864;0.046;242.770;3.600;0.000;0.000;0.000
26/11/2007;22:33:00;0.810;0.050;243.530;3.400;0.000;0.000;0.000
26/11/2007;22:34:00;0.774;0.052;243.800;3.200;0.000;0.000;0.000
26/11/2007;22:35:00;0.772;0.052;243.930;3.200;0.000;0.000;0.000
26/11/2007;22:36:00;0.874;0.170;244.180;3.600;0.000;0.000;0.000
26/11/2007;22:37:00;0.866;0.192;244.210;3.600;0.000;0.000;0.000
26/11/2007;22:38:00;1.048;0.200;244.310;4.400;0.000;0.000;0.000
26/11/2007;22:39:00;1.038;0.122;244.360;4.200;0.000;0.000;0.000
26/11/2007;22:40:00;1.154;0.114;244.340;4.800;0.000;0.000;0.000
26/11/2007;22:41:00;0.988;0.102;245.120;4.000;0.000;0.000;0.000
26/11/2007;22:42:00;0.984;0.102;245.150;4.000;0.000;0.000;0.000
26/11/2007;22:43:00;0.980;0.100;244.930;4.000;0.000;0.000;0.000
26/11/2007;22:44:00;0.982;0.104;245.430;4.000;0.000;0.000;0.000
26/11/2007;22:45:00;1.066;0.142;246.340;4.400;0.000;0.000;0.000
26/11/2007;22:46:00;1.098;0.176;246.440;4.400;0.000;0.000;0.000
26/11/2007;22:47:00;1.146;0.164;246.300;4.600;0.000;0.000;0.000
26/11/2007;22:48:00;0.692;0.136;246.260;3.000;0.000;0.000;0.000
26/11/2007;22:49:00;0.450;0.134;246.190;1.800;0.000;0.000;0.000
26/11/2007;22:50:00;0.378;0.142;246.960;1.600;0.000;0.000;0.000
26/11/2007;22:51:00;0.338;0.084;247.140;1.400;0.000;0.000;0.000
26/11/2007;22:52:00;0.282;0.000;247.400;1.000;0.000;0.000;0.000
26/11/2007;22:53:00;0.282;0.000;247.440;1.000;0.000;0.000;0.000
26/11/2007;22:54:00;0.282;0.000;247.590;1.000;0.000;0.000;0.000
26/11/2007;22:55:00;0.282;0.000;247.460;1.000;0.000;0.000;0.000
26/11/2007;22:56:00;0.284;0.000;248.360;1.000;0.000;0.000;0.000
26/11/2007;22:57:00;0.286;0.000;248.930;1.000;0.000;0.000;0.000
26/11/2007;22:58:00;0.284;0.000;247.670;1.000;0.000;0.000;0.000
26/11/2007;22:59:00;0.282;0.000;246.630;1.000;0.000;0.000;0.000
26/11/2007;23:00:00;0.280;0.000;246.630;1.000;0.000;0.000;0.000
26/11/2007;23:01:00;0.280;0.000;246.440;1.000;0.000;0.000;0.000
26/11/2007;23:02:00;0.282;0.000;246.790;1.000;0.000;0.000;0.000
26/11/2007;23:03:00;0.282;0.000;246.750;1.000;0.000;0.000;0.000
26/11/2007;23:04:00;0.230;0.000;245.970;1.000;0.000;0.000;0.000
26/11/2007;23:05:00;0.228;0.000;246.160;1.000;0.000;0.000;0.000
26/11/2007;23:06:00;0.228;0.000;246.330;1.000;0.000;0.000;0.000
26/11/2007;23:07:00;0.230;0.000;246.940;1.000;0.000;0.000;0.000
26/11/2007;23:08:00;0.230;0.000;247.040;1.000;0.000;0.000;0.000
26/11/2007;23:09:00;0.228;0.000;246.340;1.000;0.000;0.000;0.000
26/11/2007;23:10:00;0.264;0.000;246.670;1.200;0.000;0.000;0.000
26/11/2007;23:11:00;0.308;0.070;246.950;1.200;0.000;0.000;0.000
26/11/2007;23:12:00;0.308;0.072;247.360;1.200;0.000;0.000;0.000
26/11/2007;23:13:00;0.308;0.070;247.080;1.200;0.000;0.000;0.000
26/11/2007;23:14:00;0.310;0.076;248.340;1.200;0.000;0.000;0.000
26/11/2007;23:15:00;0.308;0.076;248.450;1.200;0.000;0.000;0.000
26/11/2007;23:16:00;0.308;0.078;248.820;1.200;0.000;0.000;0.000
26/11/2007;23:17:00;0.368;0.142;248.620;1.600;0.000;0.000;0.000
26/11/2007;23:18:00;0.416;0.216;247.510;1.800;0.000;0.000;0.000
26/11/2007;23:19:00;0.412;0.218;247.900;1.800;0.000;0.000;0.000
26/11/2007;23:20:00;0.410;0.216;247.730;1.800;0.000;0.000;0.000
26/11/2007;23:21:00;0.402;0.206;247.350;1.800;0.000;0.000;0.000
26/11/2007;23:22:00;0.334;0.104;247.360;1.400;0.000;0.000;0.000
26/11/2007;23:23:00;0.336;0.110;248.480;1.400;0.000;0.000;0.000
26/11/2007;23:24:00;0.332;0.106;247.750;1.400;0.000;0.000;0.000
26/11/2007;23:25:00;0.330;0.104;247.150;1.400;0.000;0.000;0.000
26/11/2007;23:26:00;0.330;0.104;247.050;1.400;0.000;0.000;0.000
26/11/2007;23:27:00;0.326;0.100;246.220;1.400;0.000;0.000;0.000
26/11/2007;23:28:00;0.326;0.100;245.970;1.400;0.000;0.000;0.000
26/11/2007;23:29:00;0.324;0.100;246.140;1.400;0.000;0.000;0.000
26/11/2007;23:30:00;0.324;0.102;246.340;1.400;0.000;0.000;0.000
26/11/2007;23:31:00;0.324;0.100;246.280;1.400;0.000;0.000;0.000
26/11/2007;23:32:00;0.314;0.088;246.360;1.400;0.000;0.000;0.000
26/11/2007;23:33:00;0.228;0.000;246.310;1.000;0.000;0.000;0.000
26/11/2007;23:34:00;0.228;0.000;246.500;1.000;0.000;0.000;0.000
26/11/2007;23:35:00;0.228;0.000;246.640;1.000;0.000;0.000;0.000
26/11/2007;23:36:00;0.226;0.000;245.970;1.000;0.000;0.000;0.000
26/11/2007;23:37:00;0.226;0.000;244.990;1.000;0.000;0.000;0.000
26/11/2007;23:38:00;0.226;0.000;245.700;1.000;0.000;0.000;0.000
26/11/2007;23:39:00;0.226;0.000;246.020;1.000;0.000;0.000;0.000
26/11/2007;23:40:00;0.226;0.000;246.110;1.000;0.000;0.000;0.000
26/11/2007;23:41:00;0.226;0.000;245.790;1.000;0.000;0.000;0.000
26/11/2007;23:42:00;0.228;0.000;246.680;1.000;0.000;0.000;0.000
26/11/2007;23:43:00;0.228;0.000;247.120;1.000;0.000;0.000;0.000
26/11/2007;23:44:00;0.228;0.000;246.680;1.000;0.000;0.000;0.000
26/11/2007;23:45:00;0.228;0.000;246.600;1.000;0.000;0.000;0.000
26/11/2007;23:46:00;0.228;0.000;246.540;1.000;0.000;0.000;0.000
26/11/2007;23:47:00;0.226;0.000;245.940;1.000;0.000;0.000;0.000
26/11/2007;23:48:00;0.226;0.000;245.570;1.000;0.000;0.000;0.000
26/11/2007;23:49:00;0.298;0.000;245.460;1.400;0.000;0.000;0.000
26/11/2007;23:50:00;0.314;0.086;246.180;1.200;0.000;1.000;0.000
26/11/2007;23:51:00;0.314;0.090;247.030;1.200;0.000;2.000;0.000
26/11/2007;23:52:00;0.314;0.090;247.190;1.200;0.000;1.000;0.000
26/11/2007;23:53:00;0.314;0.088;246.270;1.200;0.000;2.000;0.000
26/11/2007;23:54:00;0.398;0.182;244.320;1.800;0.000;1.000;0.000
26/11/2007;23:55:00;0.388;0.190;244.980;1.800;0.000;2.000;0.000
26/11/2007;23:56:00;0.388;0.188;244.660;1.800;0.000;1.000;0.000
26/11/2007;23:57:00;0.386;0.186;244.450;1.800;0.000;1.000;0.000
26/11/2007;23:58:00;0.412;0.206;244.800;2.000;0.000;2.000;0.000
26/11/2007;23:59:00;0.496;0.332;245.030;2.400;0.000;1.000;0.000
27/11/2007;12:00:00;5.736;0.146;234.460;24.400;36.000;36.000;17.000
27/11/2007;12:01:00;5.714;0.122;235.080;24.200;37.000;36.000;17.000
27/11/2007;12:02:00;5.716;0.112;234.820;24.200;37.000;36.000;17.000
27/11/2007;12:03:00;5.790;0.090;234.610;24.600;36.000;37.000;17.000
27/11/2007;12:04:00;5.978;0.096;235.190;25.400;37.000;38.000;17.000
27/11/2007;12:05:00;5.920;0.000;235.180;25.000;37.000;38.000;17.000
27/11/2007;12:06:00;4.210;0.000;236.980;18.000;9.000;38.000;17.000
27/11/2007;12:07:00;3.816;0.000;237.790;16.000;0.000;38.000;17.000
27/11/2007;12:08:00;2.714;0.000;238.610;11.400;0.000;19.000;18.000
27/11/2007;12:09:00;3.814;0.000;237.890;16.000;0.000;35.000;17.000
27/11/2007;12:10:00;3.848;0.070;238.500;16.000;0.000;39.000;18.000
27/11/2007;12:11:00;2.678;0.000;240.370;11.000;0.000;18.000;17.000
27/11/2007;12:12:00;4.320;0.194;238.630;18.600;0.000;34.000;18.000
27/11/2007;12:13:00;4.882;0.380;238.270;20.600;0.000;31.000;17.000
27/11/2007;12:14:00;4.496;0.382;238.120;19.000;0.000;21.000;18.000
27/11/2007;12:15:00;4.632;0.168;237.800;19.800;0.000;38.000;17.000
27/11/2007;12:16:00;2.038;0.000;240.460;8.400;0.000;6.000;18.000
27/11/2007;12:17:00;3.686;0.000;238.180;15.600;0.000;34.000;17.000
27/11/2007;12:18:00;3.742;0.268;237.660;16.200;0.000;19.000;17.000
27/11/2007;12:19:00;5.118;0.452;235.560;22.000;0.000;32.000;17.000
27/11/2007;12:20:00;3.780;0.374;236.020;16.400;0.000;18.000;18.000
27/11/2007;12:21:00;3.460;0.100;236.040;14.800;0.000;30.000;17.000
27/11/2007;12:22:00;2.568;0.140;238.000;11.000;0.000;14.000;17.000
27/11/2007;12:23:00;4.448;0.436;235.240;19.200;0.000;34.000;17.000
27/11/2007;12:24:00;4.058;0.626;236.290;17.400;0.000;17.000;17.000
27/11/2007;12:25:00;5.038;0.576;235.690;21.600;0.000;32.000;17.000
27/11/2007;12:26:00;4.110;0.624;236.550;17.600;0.000;20.000;17.000
27/11/2007;12:27:00;3.822;0.334;236.930;16.600;0.000;30.000;17.000
27/11/2007;12:28:00;2.466;0.220;238.140;10.400;0.000;18.000;18.000
27/11/2007;12:29:00;3.252;0.196;238.020;14.000;0.000;28.000;17.000
27/11/2007;12:30:00;2.368;0.210;239.050;10.000;0.000;16.000;18.000
27/11/2007;12:31:00;1.752;0.250;240.430;7.200;0.000;4.000;17.000
27/11/2007;12:32:00;1.740;0.274;240.030;7.200;0.000;5.000;18.000
27/11/2007;12:33:00;1.684;0.242;239.420;7.000;0.000;5.000;18.000
27/11/2007;12:34:00;1.712;0.266;238.530;7.200;0.000;5.000;17.000
27/11/2007;12:35:00;1.670;0.238;238.700;7.000;0.000;4.000;18.000
27/11/2007;12:36:00;1.708;0.266;238.820;7.200;0.000;5.000;17.000
27/11/2007;12:37:00;1.660;0.236;238.560;7.000;0.000;5.000;18.000
27/11/2007;12:38:00;1.648;0.246;238.120;7.000;0.000;4.000;17.000
27/11/2007;12:39:00;1.486;0.198;239.090;6.200;0.000;1.000;17.000
27/11/2007;12:40:00;1.526;0.234;239.800;6.400;0.000;2.000;18.000
27/11/2007;12:41:00;1.444;0.114;239.460;6.000;0.000;0.000;18.000
27/11/2007;12:42:00;1.430;0.084;239.580;6.000;0.000;1.000;17.000
27/11/2007;12:43:00;1.412;0.080;239.810;5.800;0.000;0.000;18.000
27/11/2007;12:44:00;1.430;0.084;239.680;6.000;0.000;0.000;17.000
27/11/2007;12:45:00;1.416;0.082;240.180;5.800;0.000;0.000;18.000
27/11/2007;12:46:00;1.376;0.000;240.530;5.600;0.000;0.000;18.000
27/11/2007;12:47:00;1.328;0.048;240.590;5.400;0.000;0.000;18.000
27/11/2007;12:48:00;1.346;0.000;240.530;5.600;0.000;1.000;17.000
27/11/2007;12:49:00;1.338;0.046;240.810;5.400;0.000;0.000;18.000
27/11/2007;12:50:00;1.348;0.000;240.790;5.600;0.000;0.000;18.000
27/11/2007;12:51:00;1.332;0.046;241.040;5.400;0.000;0.000;18.000
27/11/2007;12:52:00;1.430;0.046;240.110;6.000;0.000;0.000;17.000
27/11/2007;12:53:00;1.616;0.054;239.840;6.600;0.000;0.000;18.000
27/11/2007;12:54:00;1.616;0.054;239.890;6.600;0.000;0.000;18.000
27/11/2007;12:55:00;1.638;0.046;240.110;6.800;0.000;0.000;17.000
27/11/2007;12:56:00;2.882;0.000;238.990;12.800;0.000;18.000;18.000
27/11/2007;12:57:00;3.614;0.000;238.060;15.200;0.000;36.000;17.000
27/11/2007;12:58:00;3.032;0.000;238.840;13.200;0.000;28.000;18.000
27/11/2007;12:59:00;3.558;0.000;237.670;14.800;0.000;37.000;17.000
27/11/2007;13:00:00;2.990;0.000;238.350;13.000;0.000;28.000;17.000
27/11/2007;13:01:00;3.534;0.000;239.050;14.600;0.000;36.000;18.000
27/11/2007;13:02:00;3.526;0.000;238.690;14.600;0.000;37.000;17.000
27/11/2007;13:03:00;3.514;0.000;238.470;14.600;0.000;37.000;18.000
27/11/2007;13:04:00;3.592;0.080;238.260;15.000;0.000;36.000;17.000
27/11/2007;13:05:00;3.590;0.090;238.540;15.000;0.000;37.000;18.000
27/11/2007;13:06:00;3.592;0.094;238.500;15.000;0.000;36.000;17.000
27/11/2007;13:07:00;3.568;0.088;237.880;15.000;0.000;37.000;17.000
27/11/2007;13:08:00;3.578;0.094;238.140;15.000;0.000;36.000;18.000
27/11/2007;13:09:00;3.562;0.088;237.760;15.000;0.000;36.000;17.000
27/11/2007;13:10:00;3.564;0.090;237.820;15.000;0.000;37.000;17.000
27/11/2007;13:11:00;3.562;0.088;237.850;14.800;0.000;36.000;18.000
27/11/2007;13:12:00;3.682;0.214;237.970;15.400;0.000;37.000;17.000
27/11/2007;13:13:00;3.684;0.220;238.330;15.400;0.000;36.000;18.000
27/11/2007;13:14:00;3.682;0.224;238.420;15.400;0.000;36.000;17.000
27/11/2007;13:15:00;3.632;0.146;238.560;15.200;0.000;37.000;17.000
27/11/2007;13:16:00;3.604;0.120;238.140;15.000;0.000;36.000;18.000
27/11/2007;13:17:00;3.594;0.118;237.840;15.000;0.000;37.000;17.000
27/11/2007;13:18:00;3.598;0.118;238.060;15.000;0.000;36.000;17.000
27/11/2007;13:19:00;3.598;0.120;238.150;15.000;0.000;37.000;18.000
27/11/2007;13:20:00;3.602;0.118;238.270;15.000;0.000;36.000;17.000
27/11/2007;13:21:00;3.596;0.120;238.130;15.000;0.000;36.000;18.000
27/11/2007;13:22:00;3.584;0.116;237.740;15.000;0.000;37.000;17.000
27/11/2007;13:23:00;3.590;0.118;237.900;15.000;0.000;36.000;17.000
27/11/2007;13:24:00;3.602;0.120;238.460;15.000;0.000;37.000;18.000
27/11/2007;13:25:00;3.600;0.122;238.270;15.000;0.000;36.000;17.000
27/11/2007;13:26:00;3.590;0.116;238.000;15.000;0.000;36.000;18.000
27/11/2007;13:27:00;3.564;0.068;238.390;14.800;0.000;37.000;17.000
27/11/2007;13:28:00;3.498;0.000;238.070;14.600;0.000;36.000;17.000
27/11/2007;13:29:00;3.484;0.000;237.390;14.600;0.000;37.000;18.000
27/11/2007;13:30:00;3.490;0.000;237.780;14.600;0.000;36.000;17.000
27/11/2007;13:31:00;3.500;0.000;238.020;14.600;0.000;36.000;17.000
27/11/2007;13:32:00;2.334;0.000;238.790;9.800;0.000;19.000;18.000
27/11/2007;13:33:00;3.282;0.000;237.620;13.800;0.000;31.000;17.000
27/11/2007;13:34:00;3.496;0.000;237.200;14.600;0.000;36.000;17.000
27/11/2007;13:35:00;3.570;0.108;237.260;15.000;0.000;38.000;18.000
27/11/2007;13:36:00;3.564;0.100;237.570;15.000;0.000;38.000;17.000
27/11/2007;13:37:00;3.564;0.108;237.280;15.000;0.000;37.000;17.000
27/11/2007;13:38:00;3.562;0.098;237.310;15.000;0.000;38.000;17.000
27/11/2007;13:39:00;3.566;0.108;237.250;15.000;0.000;37.000;18.000
27/11/2007;13:40:00;3.002;0.104;237.940;12.800;0.000;30.000;17.000
27/11/2007;13:41:00;2.764;0.118;238.140;11.800;0.000;23.000;17.000
27/11/2007;13:42:00;3.558;0.096;237.190;15.000;0.000;37.000;18.000
27/11/2007;13:43:00;3.578;0.110;237.640;15.000;0.000;38.000;17.000
27/11/2007;13:44:00;3.580;0.098;238.010;15.000;0.000;38.000;17.000
27/11/2007;13:45:00;3.568;0.108;237.410;15.000;0.000;38.000;18.000
27/11/2007;13:46:00;3.564;0.096;237.550;15.000;0.000;37.000;17.000
27/11/2007;13:47:00;2.736;0.120;238.190;11.600;0.000;26.000;17.000
27/11/2007;13:48:00;3.094;0.172;237.970;13.200;0.000;27.000;18.000
27/11/2007;13:49:00;3.642;0.212;237.510;15.200;0.000;37.000;17.000
27/11/2007;13:50:00;3.634;0.196;237.550;15.200;0.000;38.000;17.000
27/11/2007;13:51:00;3.644;0.212;237.590;15.200;0.000;37.000;18.000
27/11/2007;13:52:00;3.364;0.198;237.700;14.200;0.000;35.000;17.000
27/11/2007;13:53:00;2.566;0.256;238.270;10.800;0.000;18.000;17.000
27/11/2007;13:54:00;3.714;0.318;236.670;15.600;0.000;37.000;17.000
27/11/2007;13:55:00;3.732;0.338;237.200;15.800;0.000;37.000;18.000
27/11/2007;13:56:00;3.366;0.252;237.680;14.400;0.000;33.000;17.000
27/11/2007;13:57:00;2.608;0.240;238.600;11.000;0.000;17.000;17.000
27/11/2007;13:58:00;3.652;0.210;237.690;15.400;0.000;37.000;18.000
27/11/2007;13:59:00;3.642;0.140;239.310;15.200;0.000;36.000;17.000
27/11/2007;14:00:00;3.572;0.122;240.140;14.800;0.000;37.000;18.000
27/11/2007;14:01:00;2.452;0.156;241.570;10.000;0.000;18.000;18.000
27/11/2007;14:02:00;3.540;0.124;240.320;14.800;0.000;33.000;17.000
27/11/2007;14:03:00;3.588;0.140;239.990;15.000;0.000;37.000;18.000
27/11/2007;14:04:00;2.424;0.134;240.840;10.000;0.000;17.000;18.000
27/11/2007;14:05:00;3.526;0.136;239.370;14.800;0.000;34.000;17.000
27/11/2007;14:06:00;3.626;0.118;239.600;15.000;0.000;36.000;18.000
27/11/2007;14:07:00;3.360;0.138;239.570;14.200;0.000;34.000;18.000
27/11/2007;14:08:00;2.504;0.130;240.580;10.400;0.000;17.000;17.000
27/11/2007;14:09:00;3.542;0.000;239.450;14.800;0.000;37.000;18.000
27/11/2007;14:10:00;3.524;0.000;239.240;14.600;0.000;36.000;17.000
27/11/2007;14:11:00;2.424;0.000;240.850;10.000;0.000;20.000;18.000
27/11/2007;14:12:00;3.266;0.000;239.900;13.600;0.000;31.000;18.000
27/11/2007;14:13:00;2.864;0.000;240.040;12.200;0.000;27.000;18.000
27/11/2007;14:14:00;2.830;0.000;240.580;12.000;0.000;23.000;17.000
27/11/2007;14:15:00;3.306;0.000;240.080;13.800;0.000;35.000;18.000
27/11/2007;14:16:00;2.398;0.000;240.510;10.000;0.000;16.000;18.000
27/11/2007;14:17:00;3.544;0.000;239.570;14.800;0.000;36.000;17.000
27/11/2007;14:18:00;3.118;0.000;239.330;13.200;0.000;32.000;18.000
27/11/2007;14:19:00;2.552;0.000;240.420;10.800;0.000;19.000;17.000
27/11/2007;14:20:00;3.362;0.000;240.220;14.200;0.000;33.000;18.000
27/11/2007;14:21:00;2.602;0.000;240.550;11.000;0.000;23.000;18.000
27/11/2007;14:22:00;2.878;0.000;240.950;12.400;0.000;24.000;18.000
27/11/2007;14:23:00;2.904;0.000;242.150;12.200;0.000;28.000;18.000
27/11/2007;14:24:00;2.654;0.000;242.300;11.400;0.000;20.000;18.000
27/11/2007;14:25:00;2.730;0.000;242.310;11.800;0.000;25.000;18.000
27/11/2007;14:26:00;1.600;0.000;243.030;6.600;0.000;4.000;18.000
27/11/2007;14:27:00;2.354;0.000;241.530;9.600;0.000;16.000;18.000
27/11/2007;14:28:00;2.918;0.000;240.520;12.600;0.000;25.000;17.000
27/11/2007;14:29:00;3.398;0.000;240.460;14.200;0.000;36.000;18.000
27/11/2007;14:30:00;1.632;0.000;242.720;6.800;0.000;6.000;18.000
27/11/2007;14:31:00;1.580;0.000;242.570;6.400;0.000;4.000;18.000
27/11/2007;14:32:00;1.538;0.000;242.600;6.200;0.000;3.000;18.000
27/11/2007;14:33:00;1.664;0.128;242.320;6.800;0.000;4.000;18.000
27/11/2007;14:34:00;1.616;0.110;243.090;6.600;0.000;3.000;18.000
27/11/2007;14:35:00;1.716;0.202;241.840;7.000;0.000;4.000;18.000
27/11/2007;14:36:00;1.702;0.234;241.110;7.000;0.000;3.000;18.000
27/11/2007;14:37:00;1.748;0.268;241.720;7.200;0.000;4.000;18.000
27/11/2007;14:38:00;1.556;0.204;242.250;6.400;0.000;1.000;18.000
27/11/2007;14:39:00;1.520;0.196;242.390;6.200;0.000;0.000;18.000
27/11/2007;14:40:00;1.536;0.200;242.370;6.400;0.000;0.000;18.000
27/11/2007;14:41:00;1.528;0.200;242.760;6.200;0.000;0.000;18.000
27/11/2007;14:42:00;1.536;0.204;243.520;6.200;0.000;0.000;18.000
27/11/2007;14:43:00;1.516;0.160;243.810;6.200;0.000;0.000;18.000
27/11/2007;14:44:00;1.450;0.094;243.280;6.000;0.000;1.000;18.000
27/11/2007;14:45:00;1.476;0.102;243.870;6.000;0.000;0.000;18.000
27/11/2007;14:46:00;1.542;0.194;243.850;6.400;0.000;1.000;19.000
27/11/2007;14:47:00;1.568;0.230;244.100;6.400;0.000;2.000;18.000
27/11/2007;14:48:00;1.548;0.224;244.090;6.400;0.000;2.000;18.000
27/11/2007;14:49:00;1.562;0.226;243.720;6.400;0.000;2.000;18.000
27/11/2007;14:50:00;1.480;0.132;243.690;6.000;0.000;1.000;18.000
27/11/2007;14:51:00;1.470;0.088;243.950;6.000;0.000;2.000;19.000
27/11/2007;14:52:00;1.440;0.080;243.260;5.800;0.000;1.000;18.000
27/11/2007;14:53:00;1.458;0.084;243.130;6.000;0.000;2.000;18.000
27/11/2007;14:54:00;1.440;0.080;243.290;5.800;0.000;2.000;18.000
27/11/2007;14:55:00;1.462;0.086;243.840;6.000;0.000;1.000;18.000
27/11/2007;14:56:00;1.442;0.082;243.830;5.800;0.000;2.000;18.000
27/11/2007;14:57:00;1.466;0.088;244.250;6.000;0.000;1.000;19.000
27/11/2007;14:58:00;1.442;0.084;244.130;5.800;0.000;2.000;18.000
27/11/2007;14:59:00;1.458;0.086;243.850;6.000;0.000;1.000;18.000
27/11/2007;15:00:00;1.442;0.084;244.190;5.800;0.000;2.000;18.000
27/11/2007;15:01:00;1.452;0.084;243.440;6.000;0.000;1.000;19.000
27/11/2007;15:02:00;1.432;0.080;243.420;5.800;0.000;2.000;18.000
27/11/2007;15:03:00;1.396;0.000;243.780;5.600;0.000;0.000;18.000
27/11/2007;15:04:00;1.360;0.000;243.950;5.600;0.000;0.000;18.000
27/11/2007;15:05:00;1.384;0.000;244.300;5.600;0.000;1.000;18.000
27/11/2007;15:06:00;1.374;0.000;245.220;5.600;0.000;0.000;19.000
27/11/2007;15:07:00;1.390;0.000;244.910;5.600;0.000;0.000;18.000
27/11/2007;15:08:00;1.372;0.000;245.010;5.600;0.000;0.000;18.000
27/11/2007;15:09:00;1.390;0.000;244.810;5.600;0.000;0.000;19.000
27/11/2007;15:10:00;1.362;0.000;244.060;5.600;0.000;0.000;18.000
27/11/2007;15:11:00;1.378;0.000;243.760;5.600;0.000;1.000;18.000
27/11/2007;15:12:00;1.372;0.000;243.720;5.600;0.000;0.000;18.000
27/11/2007;15:13:00;1.358;0.000;243.220;5.600;0.000;0.000;19.000
27/11/2007;15:14:00;1.372;0.000;243.100;5.600;0.000;0.000;18.000
27/11/2007;15:15:00;1.362;0.000;243.920;5.600;0.000;0.000;18.000
27/11/2007;15:16:00;1.376;0.000;243.400;5.600;0.000;1.000;18.000
27/11/2007;15:17:00;1.452;0.056;243.920;6.000;0.000;0.000;18.000
27/11/2007;15:18:00;1.544;0.146;244.400;6.400;0.000;0.000;19.000
27/11/2007;15:19:00;1.546;0.204;244.310;6.400;0.000;0.000;18.000
27/11/2007;15:20:00;1.562;0.208;244.090;6.400;0.000;0.000;18.000
27/11/2007;15:21:00;1.538;0.200;243.770;6.200;0.000;0.000;18.000
27/11/2007;15:22:00;1.554;0.206;243.660;6.400;0.000;1.000;18.000
27/11/2007;15:23:00;1.536;0.202;244.060;6.200;0.000;0.000;19.000
27/11/2007;15:24:00;1.558;0.210;244.480;6.400;0.000;0.000;18.000
27/11/2007;15:25:00;1.540;0.206;244.840;6.200;0.000;0.000;18.000
27/11/2007;15:26:00;1.564;0.214;245.340;6.400;0.000;0.000;19.000
27/11/2007;15:27:00;1.542;0.208;245.340;6.200;0.000;0.000;18.000
27/11/2007;15:28:00;1.558;0.214;245.190;6.400;0.000;1.000;19.000
27/11/2007;15:29:00;1.462;0.098;244.510;6.000;0.000;0.000;18.000
27/11/2007;15:30:00;1.480;0.102;244.420;6.000;0.000;0.000;18.000
27/11/2007;15:31:00;1.450;0.088;243.820;5.800;0.000;0.000;18.000
27/11/2007;15:32:00;1.382;0.000;244.170;5.600;0.000;0.000;19.000
27/11/2007;15:33:00;1.358;0.000;243.640;5.600;0.000;0.000;18.000
27/11/2007;15:34:00;1.378;0.000;243.750;5.600;0.000;1.000;18.000
27/11/2007;15:35:00;1.356;0.000;243.530;5.600;0.000;0.000;18.000
27/11/2007;15:36:00;1.378;0.000;243.630;5.600;0.000;0.000;18.000
27/11/2007;15:37:00;1.434;0.000;243.570;5.800;0.000;1.000;18.000
27/11/2007;15:38:00;1.576;0.000;243.420;6.400;0.000;4.000;19.000
27/11/2007;15:39:00;1.576;0.000;243.510;6.400;0.000;3.000;18.000
27/11/2007;15:40:00;1.570;0.000;243.190;6.400;0.000;4.000;18.000
27/11/2007;15:41:00;1.578;0.000;244.050;6.400;0.000;3.000;18.000
27/11/2007;15:42:00;1.582;0.000;244.330;6.400;0.000;4.000;18.000
27/11/2007;15:43:00;1.586;0.000;244.620;6.400;0.000;4.000;19.000
27/11/2007;15:44:00;1.586;0.000;244.770;6.400;0.000;3.000;18.000
27/11/2007;15:45:00;1.520;0.000;244.520;6.200;0.000;3.000;18.000
27/11/2007;15:46:00;1.362;0.000;243.990;5.600;0.000;0.000;19.000
27/11/2007;15:47:00;1.382;0.000;244.230;5.600;0.000;0.000;18.000
27/11/2007;15:48:00;1.372;0.000;245.040;5.600;0.000;0.000;18.000
27/11/2007;15:49:00;1.392;0.000;245.110;5.600;0.000;1.000;19.000
27/11/2007;15:50:00;1.378;0.000;244.940;5.600;0.000;0.000;18.000
27/11/2007;15:51:00;1.388;0.000;244.650;5.600;0.000;0.000;18.000
27/11/2007;15:52:00;1.368;0.000;244.730;5.600;0.000;0.000;19.000
27/11/2007;15:53:00;1.384;0.000;244.250;5.600;0.000;0.000;18.000
27/11/2007;15:54:00;1.364;0.000;244.220;5.600;0.000;0.000;18.000
27/11/2007;15:55:00;1.384;0.000;244.240;5.600;0.000;1.000;18.000
27/11/2007;15:56:00;1.370;0.000;244.770;5.600;0.000;0.000;19.000
27/11/2007;15:57:00;1.392;0.000;244.910;5.600;0.000;0.000;18.000
27/11/2007;15:58:00;1.388;0.000;244.600;5.600;0.000;0.000;18.000
27/11/2007;15:59:00;1.496;0.102;244.530;6.000;0.000;0.000;19.000
27/11/2007;16:00:00;1.476;0.096;244.530;6.000;0.000;0.000;18.000
27/11/2007;16:01:00;1.492;0.102;244.470;6.000;0.000;1.000;18.000
27/11/2007;16:02:00;1.468;0.096;244.220;6.000;0.000;0.000;18.000
27/11/2007;16:03:00;1.482;0.100;243.930;6.000;0.000;0.000;19.000
27/11/2007;16:04:00;1.534;0.180;243.240;6.400;0.000;0.000;18.000
27/11/2007;16:05:00;1.556;0.204;243.280;6.400;0.000;0.000;18.000
27/11/2007;16:06:00;1.548;0.202;243.280;6.400;0.000;0.000;18.000
27/11/2007;16:07:00;1.542;0.202;243.430;6.400;0.000;1.000;18.000
27/11/2007;16:08:00;1.546;0.202;242.830;6.400;0.000;0.000;18.000
27/11/2007;16:09:00;1.524;0.196;242.730;6.200;0.000;0.000;18.000
27/11/2007;16:10:00;1.610;0.284;242.370;6.800;0.000;1.000;18.000
27/11/2007;16:11:00;1.602;0.318;242.200;6.600;0.000;2.000;18.000
27/11/2007;16:12:00;1.614;0.320;241.780;6.800;0.000;2.000;18.000
27/11/2007;16:13:00;1.536;0.234;241.550;6.400;0.000;1.000;18.000
27/11/2007;16:14:00;1.478;0.118;241.980;6.000;0.000;2.000;18.000
27/11/2007;16:15:00;1.430;0.074;241.730;5.800;0.000;2.000;18.000
27/11/2007;16:16:00;1.452;0.080;241.960;6.000;0.000;1.000;18.000
27/11/2007;16:17:00;1.430;0.076;241.900;5.800;0.000;2.000;18.000
27/11/2007;16:18:00;1.452;0.082;242.190;6.000;0.000;2.000;18.000
27/11/2007;16:19:00;1.428;0.074;241.900;5.800;0.000;1.000;18.000
27/11/2007;16:20:00;1.440;0.078;241.320;6.000;0.000;2.000;17.000
27/11/2007;16:21:00;1.422;0.072;241.470;5.800;0.000;1.000;18.000
27/11/2007;16:22:00;1.442;0.078;241.680;6.000;0.000;2.000;18.000
27/11/2007;16:23:00;1.428;0.074;242.310;5.800;0.000;1.000;18.000
27/11/2007;16:24:00;1.448;0.080;242.440;6.000;0.000;2.000;18.000
27/11/2007;16:25:00;1.382;0.000;242.430;5.600;0.000;0.000;18.000
27/11/2007;16:26:00;1.366;0.000;242.130;5.600;0.000;1.000;18.000
27/11/2007;16:27:00;1.346;0.046;241.960;5.600;0.000;0.000;18.000
27/11/2007;16:28:00;1.362;0.000;241.800;5.600;0.000;0.000;18.000
27/11/2007;16:29:00;1.348;0.046;242.300;5.600;0.000;0.000;18.000
27/11/2007;16:30:00;1.366;0.000;242.040;5.600;0.000;0.000;18.000
27/11/2007;16:31:00;1.342;0.048;241.630;5.400;0.000;0.000;18.000
27/11/2007;16:32:00;1.354;0.000;241.110;5.600;0.000;1.000;18.000
27/11/2007;16:33:00;1.336;0.048;241.070;5.400;0.000;0.000;17.000
27/11/2007;16:34:00;1.354;0.000;240.940;5.600;0.000;0.000;18.000
27/11/2007;16:35:00;1.346;0.048;242.080;5.600;0.000;0.000;18.000
27/11/2007;16:36:00;1.364;0.000;241.940;5.600;0.000;0.000;18.000
27/11/2007;16:37:00;1.362;0.000;242.220;5.600;0.000;0.000;18.000
27/11/2007;16:38:00;1.340;0.048;241.110;5.400;0.000;1.000;18.000
27/11/2007;16:39:00;1.352;0.046;240.730;5.600;0.000;0.000;18.000
27/11/2007;16:40:00;1.404;0.000;240.860;5.800;0.000;0.000;17.000
27/11/2007;16:41:00;1.464;0.088;241.130;6.000;0.000;0.000;18.000
27/11/2007;16:42:00;1.440;0.086;241.700;6.000;0.000;0.000;18.000
27/11/2007;16:43:00;1.456;0.090;241.430;6.000;0.000;1.000;18.000
27/11/2007;16:44:00;1.434;0.084;241.380;5.800;0.000;0.000;18.000
27/11/2007;16:45:00;1.452;0.088;241.280;6.000;0.000;0.000;18.000
27/11/2007;16:46:00;1.436;0.086;241.790;5.800;0.000;0.000;17.000
27/11/2007;16:47:00;1.450;0.090;241.370;6.000;0.000;0.000;18.000
27/11/2007;16:48:00;1.438;0.086;241.850;5.800;0.000;0.000;18.000
27/11/2007;16:49:00;1.456;0.092;241.480;6.000;0.000;1.000;18.000
27/11/2007;16:50:00;1.506;0.162;241.290;6.200;0.000;0.000;18.000
27/11/2007;16:51:00;1.526;0.194;241.080;6.400;0.000;0.000;18.000
27/11/2007;16:52:00;1.510;0.190;241.420;6.200;0.000;0.000;18.000
27/11/2007;16:53:00;1.528;0.198;241.960;6.400;0.000;0.000;18.000
27/11/2007;16:54:00;1.504;0.192;241.780;6.200;0.000;0.000;17.000
27/11/2007;16:55:00;1.436;0.072;241.850;5.800;0.000;0.000;18.000
27/11/2007;16:56:00;1.402;0.054;241.250;5.800;0.000;0.000;18.000
27/11/2007;16:57:00;1.414;0.058;240.640;5.800;0.000;1.000;18.000
27/11/2007;16:58:00;1.390;0.052;240.340;5.800;0.000;0.000;18.000
27/11/2007;16:59:00;1.410;0.056;240.360;5.800;0.000;0.000;17.000
27/11/2007;17:00:00;1.388;0.046;240.670;5.800;0.000;0.000;18.000
27/11/2007;17:01:00;1.348;0.000;240.950;5.600;0.000;0.000;18.000
27/11/2007;17:02:00;1.328;0.048;241.040;5.400;0.000;0.000;18.000
27/11/2007;17:03:00;1.340;0.000;240.370;5.600;0.000;1.000;17.000
27/11/2007;17:04:00;1.318;0.050;239.900;5.400;0.000;0.000;18.000
27/11/2007;17:05:00;1.334;0.046;239.820;5.600;0.000;0.000;18.000
27/11/2007;17:06:00;1.314;0.052;239.080;5.400;0.000;0.000;17.000
27/11/2007;17:07:00;1.330;0.046;239.830;5.400;0.000;0.000;18.000
27/11/2007;17:08:00;1.334;0.046;239.660;5.600;0.000;0.000;17.000
27/11/2007;17:09:00;1.314;0.050;239.650;5.400;0.000;1.000;18.000
27/11/2007;17:10:00;1.332;0.046;239.560;5.600;0.000;0.000;18.000
27/11/2007;17:11:00;1.312;0.050;239.570;5.400;0.000;0.000;17.000
27/11/2007;17:12:00;1.338;0.000;240.080;5.600;0.000;0.000;18.000
27/11/2007;17:13:00;1.308;0.050;238.990;5.400;0.000;0.000;17.000
27/11/2007;17:14:00;0.726;0.000;239.180;3.600;0.000;1.000;9.000
27/11/2007;17:15:00;0.254;0.000;239.850;1.200;0.000;0.000;0.000
27/11/2007;17:16:00;0.274;0.000;240.050;1.200;0.000;0.000;0.000
27/11/2007;17:17:00;0.254;0.000;240.160;1.200;0.000;0.000;0.000
27/11/2007;17:18:00;0.274;0.000;239.980;1.200;0.000;0.000;0.000
27/11/2007;17:19:00;0.254;0.000;239.910;1.200;0.000;0.000;0.000
27/11/2007;17:20:00;0.274;0.000;240.190;1.200;0.000;1.000;0.000
27/11/2007;17:21:00;0.280;0.000;240.110;1.400;0.000;0.000;0.000
27/11/2007;17:22:00;0.384;0.094;239.360;1.600;0.000;0.000;0.000
27/11/2007;17:23:00;0.362;0.090;239.260;1.600;0.000;0.000;0.000
27/11/2007;17:24:00;0.380;0.096;239.960;1.600;0.000;0.000;0.000
27/11/2007;17:25:00;0.360;0.092;240.040;1.600;0.000;0.000;0.000
27/11/2007;17:26:00;0.378;0.098;240.270;1.600;0.000;1.000;0.000
27/11/2007;17:27:00;0.356;0.090;239.280;1.600;0.000;0.000;0.000
27/11/2007;17:28:00;0.374;0.092;238.820;1.600;0.000;0.000;0.000
27/11/2007;17:29:00;0.354;0.088;239.230;1.600;0.000;0.000;0.000
27/11/2007;17:30:00;0.370;0.092;239.110;1.600;0.000;0.000;0.000
27/11/2007;17:31:00;0.352;0.090;239.470;1.600;0.000;0.000;0.000
27/11/2007;17:32:00;0.370;0.094;239.450;1.600;0.000;1.000;0.000
27/11/2007;17:33:00;0.350;0.092;239.980;1.600;0.000;0.000;0.000
27/11/2007;17:34:00;0.758;0.094;239.420;3.400;0.000;0.000;0.000
27/11/2007;17:35:00;1.056;0.088;239.270;4.400;0.000;0.000;0.000
27/11/2007;17:36:00;1.526;0.206;238.550;6.400;0.000;2.000;0.000
27/11/2007;17:37:00;1.492;0.174;238.770;6.200;0.000;1.000;0.000
27/11/2007;17:38:00;1.316;0.180;239.160;5.600;0.000;2.000;0.000
27/11/2007;17:39:00;1.386;0.180;238.950;5.800;0.000;1.000;0.000
27/11/2007;17:40:00;1.366;0.176;238.990;5.800;0.000;2.000;0.000
27/11/2007;17:41:00;1.378;0.178;238.290;5.800;0.000;2.000;0.000
27/11/2007;17:42:00;1.364;0.176;239.420;5.600;0.000;1.000;0.000
27/11/2007;17:43:00;1.386;0.182;239.740;5.800;0.000;2.000;0.000
27/11/2007;17:44:00;1.362;0.176;239.460;5.600;0.000;1.000;0.000
27/11/2007;17:45:00;1.412;0.246;240.670;6.000;0.000;2.000;0.000
27/11/2007;17:46:00;1.444;0.356;241.410;6.200;0.000;2.000;0.000
27/11/2007;17:47:00;1.526;0.142;241.040;6.400;0.000;1.000;0.000
27/11/2007;17:48:00;1.708;0.112;240.180;7.000;0.000;2.000;0.000
27/11/2007;17:49:00;1.412;0.080;240.670;5.800;0.000;1.000;0.000
27/11/2007;17:50:00;1.514;0.080;240.580;6.400;0.000;2.000;0.000
27/11/2007;17:51:00;1.776;0.000;239.650;7.400;0.000;0.000;0.000
27/11/2007;17:52:00;1.806;0.000;240.290;7.400;0.000;0.000;0.000
27/11/2007;17:53:00;1.824;0.000;240.190;7.600;0.000;1.000;0.000
27/11/2007;17:54:00;1.804;0.000;240.150;7.400;0.000;0.000;0.000
27/11/2007;17:55:00;1.824;0.000;240.200;7.600;0.000;0.000;0.000
27/11/2007;17:56:00;1.796;0.000;239.470;7.400;0.000;0.000;0.000
27/11/2007;17:57:00;1.812;0.000;239.160;7.600;0.000;0.000;0.000
27/11/2007;17:58:00;1.802;0.000;239.910;7.400;0.000;0.000;0.000
27/11/2007;17:59:00;1.826;0.000;240.440;7.600;0.000;1.000;0.000
27/11/2007;18:00:00;1.818;0.000;241.290;7.400;0.000;0.000;0.000
27/11/2007;18:01:00;1.832;0.000;240.930;7.600;0.000;0.000;0.000
27/11/2007;18:02:00;1.816;0.000;241.140;7.400;0.000;0.000;0.000
27/11/2007;18:03:00;1.890;0.000;240.230;7.800;0.000;0.000;0.000
27/11/2007;18:04:00;1.910;0.094;239.980;7.800;0.000;0.000;0.000
27/11/2007;18:05:00;1.928;0.102;240.260;8.000;0.000;1.000;0.000
27/11/2007;18:06:00;1.912;0.098;240.600;7.800;0.000;0.000;0.000
27/11/2007;18:07:00;1.932;0.102;240.710;8.000;0.000;0.000;0.000
27/11/2007;18:08:00;1.920;0.100;240.360;8.000;0.000;0.000;0.000
27/11/2007;18:09:00;1.912;0.098;240.400;7.800;0.000;0.000;0.000
27/11/2007;18:10:00;1.928;0.102;240.700;8.000;0.000;0.000;0.000
27/11/2007;18:11:00;1.904;0.098;240.500;7.800;0.000;1.000;0.000
27/11/2007;18:12:00;1.916;0.100;239.890;8.000;0.000;0.000;0.000
27/11/2007;18:13:00;1.892;0.096;239.750;7.800;0.000;0.000;0.000
27/11/2007;18:14:00;1.920;0.102;240.530;8.000;0.000;0.000;0.000
27/11/2007;18:15:00;1.898;0.098;240.290;7.800;0.000;0.000;0.000
27/11/2007;18:16:00;1.928;0.106;241.180;8.000;0.000;1.000;0.000
27/11/2007;18:17:00;1.922;0.104;242.400;7.800;0.000;0.000;0.000
27/11/2007;18:18:00;1.864;0.000;242.280;7.600;0.000;0.000;0.000
27/11/2007;18:19:00;1.818;0.000;241.360;7.400;0.000;0.000;0.000
27/11/2007;18:20:00;1.828;0.000;241.020;7.600;0.000;0.000;0.000
27/11/2007;18:21:00;2.014;0.000;241.220;8.200;0.000;0.000;0.000
27/11/2007;18:22:00;2.324;0.066;241.210;9.600;0.000;1.000;0.000
27/11/2007;18:23:00;2.308;0.066;241.570;9.400;0.000;0.000;0.000
27/11/2007;18:24:00;2.328;0.072;241.680;9.600;0.000;0.000;0.000
27/11/2007;18:25:00;2.302;0.064;241.150;9.400;0.000;0.000;0.000
27/11/2007;18:26:00;2.314;0.068;240.750;9.600;0.000;0.000;0.000
27/11/2007;18:27:00;2.292;0.064;240.740;9.400;0.000;0.000;0.000
27/11/2007;18:28:00;2.308;0.068;240.600;9.600;0.000;0.000;0.000
27/11/2007;18:29:00;2.360;0.062;240.930;9.800;0.000;0.000;0.000
27/11/2007;18:30:00;2.436;0.068;241.390;10.000;0.000;1.000;0.000
27/11/2007;18:31:00;2.574;0.058;240.160;10.600;0.000;0.000;0.000
27/11/2007;18:32:00;2.588;0.000;239.520;10.800;0.000;0.000;0.000
27/11/2007;18:33:00;2.530;0.000;239.260;10.400;0.000;0.000;0.000
27/11/2007;18:34:00;2.530;0.000;237.970;10.600;0.000;0.000;0.000
27/11/2007;18:35:00;2.552;0.048;237.730;10.600;0.000;0.000;0.000
27/11/2007;18:36:00;2.580;0.000;237.720;10.800;0.000;1.000;0.000
27/11/2007;18:37:00;2.500;0.046;237.690;10.400;0.000;0.000;0.000
27/11/2007;18:38:00;2.750;0.160;237.310;11.600;0.000;0.000;0.000
27/11/2007;18:39:00;2.760;0.150;237.940;11.600;0.000;0.000;0.000
27/11/2007;18:40:00;2.748;0.140;238.100;11.400;0.000;0.000;0.000
27/11/2007;18:41:00;2.758;0.140;237.920;11.600;0.000;1.000;0.000
27/11/2007;18:42:00;2.740;0.130;238.070;11.400;0.000;0.000;0.000
27/11/2007;18:43:00;2.778;0.134;238.900;11.600;0.000;0.000;0.000
27/11/2007;18:44:00;2.766;0.126;239.010;11.600;0.000;0.000;0.000
27/11/2007;18:45:00;2.930;0.252;237.470;12.400;0.000;0.000;0.000
27/11/2007;18:46:00;2.836;0.250;237.600;11.800;0.000;0.000;0.000
27/11/2007;18:47:00;2.838;0.250;237.030;12.000;0.000;1.000;0.000
27/11/2007;18:48:00;2.816;0.244;236.740;11.800;0.000;0.000;0.000
27/11/2007;18:49:00;2.834;0.246;236.630;12.000;0.000;0.000;0.000
27/11/2007;18:50:00;2.810;0.240;236.520;11.800;0.000;0.000;0.000
27/11/2007;18:51:00;2.860;0.246;237.270;12.000;0.000;0.000;0.000
27/11/2007;18:52:00;2.838;0.240;237.080;12.000;0.000;0.000;0.000
27/11/2007;18:53:00;2.840;0.240;236.230;12.000;0.000;1.000;0.000
27/11/2007;18:54:00;2.808;0.232;235.850;11.800;0.000;0.000;0.000
27/11/2007;18:55:00;2.824;0.236;235.870;12.000;0.000;0.000;0.000
27/11/2007;18:56:00;2.762;0.176;236.590;11.600;0.000;0.000;0.000
27/11/2007;18:57:00;2.308;0.088;237.210;9.600;0.000;0.000;0.000
27/11/2007;18:58:00;2.268;0.082;236.120;9.600;0.000;0.000;0.000
27/11/2007;18:59:00;2.302;0.082;236.020;9.800;0.000;1.000;0.000
27/11/2007;19:00:00;2.254;0.054;236.190;9.400;0.000;0.000;0.000
27/11/2007;19:01:00;2.274;0.058;236.290;9.600;0.000;0.000;0.000
27/11/2007;19:02:00;2.420;0.056;237.760;10.200;0.000;0.000;0.000
27/11/2007;19:03:00;2.444;0.062;238.130;10.200;0.000;0.000;0.000
27/11/2007;19:04:00;2.334;0.058;238.320;9.800;0.000;0.000;0.000
27/11/2007;19:05:00;2.236;0.170;239.480;9.400;0.000;2.000;0.000
27/11/2007;19:06:00;1.444;0.180;240.070;6.000;0.000;1.000;0.000
27/11/2007;19:07:00;1.620;0.182;240.020;6.800;0.000;2.000;0.000
27/11/2007;19:08:00;1.686;0.174;239.560;7.000;0.000;1.000;0.000
27/11/2007;19:09:00;1.098;0.174;240.360;4.600;0.000;2.000;0.000
27/11/2007;19:10:00;1.028;0.178;240.750;4.200;0.000;2.000;0.000
27/11/2007;19:11:00;0.866;0.108;240.380;3.600;0.000;1.000;0.000
27/11/2007;19:12:00;0.848;0.072;239.630;3.400;0.000;2.000;0.000
27/11/2007;19:13:00;0.830;0.068;239.910;3.400;0.000;2.000;0.000
27/11/2007;19:14:00;0.850;0.072;239.980;3.400;0.000;1.000;0.000
27/11/2007;19:15:00;0.826;0.066;239.490;3.400;0.000;2.000;0.000
27/11/2007;19:16:00;0.844;0.068;239.170;3.400;0.000;1.000;0.000
27/11/2007;19:17:00;0.822;0.064;238.820;3.400;0.000;2.000;0.000
27/11/2007;19:18:00;0.844;0.068;238.720;3.400;0.000;2.000;0.000
27/11/2007;19:19:00;0.834;0.064;238.890;3.400;0.000;1.000;0.000
27/11/2007;19:20:00;1.288;0.000;239.380;5.600;0.000;1.000;0.000
27/11/2007;19:21:00;1.816;0.056;238.920;7.600;0.000;0.000;0.000
27/11/2007;19:22:00;2.084;0.076;238.450;8.600;0.000;0.000;0.000
27/11/2007;19:23:00;2.050;0.082;237.450;8.600;0.000;1.000;0.000
27/11/2007;19:24:00;1.806;0.072;238.840;7.400;0.000;1.000;0.000
27/11/2007;19:25:00;2.006;0.062;239.280;8.400;0.000;1.000;0.000
27/11/2007;19:26:00;4.030;0.052;235.930;17.400;0.000;24.000;0.000
27/11/2007;19:27:00;4.562;0.050;235.490;19.200;0.000;37.000;0.000
27/11/2007;19:28:00;4.540;0.048;235.070;19.200;0.000;37.000;0.000
27/11/2007;19:29:00;4.394;0.048;235.220;18.600;0.000;37.000;0.000
27/11/2007;19:30:00;4.258;0.048;235.270;18.000;0.000;37.000;0.000
27/11/2007;19:31:00;4.248;0.048;235.550;18.000;0.000;37.000;0.000
27/11/2007;19:32:00;4.238;0.048;235.390;18.000;0.000;37.000;0.000
27/11/2007;19:33:00;3.082;0.052;236.480;14.000;0.000;22.000;0.000
27/11/2007;19:34:00;2.300;0.046;236.980;10.000;0.000;1.000;8.000
27/11/2007;19:35:00;4.538;0.000;234.490;19.800;0.000;26.000;17.000
27/11/2007;19:36:00;2.606;0.086;236.390;11.200;0.000;1.000;18.000
27/11/2007;19:37:00;1.918;0.094;237.220;8.000;0.000;1.000;18.000
27/11/2007;19:38:00;1.828;0.066;236.650;7.600;0.000;0.000;17.000
27/11/2007;19:39:00;1.752;0.054;236.760;7.400;0.000;1.000;17.000
27/11/2007;19:40:00;1.758;0.050;236.780;7.400;0.000;1.000;18.000
27/11/2007;19:41:00;1.754;0.050;236.430;7.400;0.000;2.000;17.000
27/11/2007;19:42:00;1.850;0.072;237.210;7.800;0.000;1.000;17.000
27/11/2007;19:43:00;1.654;0.000;237.730;6.800;0.000;0.000;17.000
27/11/2007;19:44:00;1.698;0.000;238.290;7.000;0.000;1.000;18.000
27/11/2007;19:45:00;2.006;0.000;238.080;8.400;0.000;0.000;17.000
27/11/2007;19:46:00;2.202;0.000;237.560;9.200;0.000;1.000;18.000
27/11/2007;19:47:00;2.324;0.000;237.350;9.800;0.000;1.000;17.000
27/11/2007;19:48:00;2.376;0.054;238.250;10.000;0.000;1.000;17.000
27/11/2007;19:49:00;2.390;0.066;238.720;10.000;0.000;2.000;18.000
27/11/2007;19:50:00;2.360;0.096;238.760;9.800;0.000;0.000;17.000
27/11/2007;19:51:00;2.464;0.114;239.840;10.200;0.000;2.000;18.000
27/11/2007;19:52:00;2.624;0.138;239.250;11.000;0.000;5.000;17.000
27/11/2007;19:53:00;2.622;0.140;239.080;11.000;0.000;5.000;18.000
27/11/2007;19:54:00;2.734;0.138;238.380;11.400;0.000;6.000;17.000
27/11/2007;19:55:00;2.970;0.138;238.410;12.400;0.000;5.000;18.000
27/11/2007;19:56:00;2.640;0.000;238.480;11.000;0.000;1.000;17.000
27/11/2007;19:57:00;2.564;0.000;237.320;10.800;0.000;0.000;17.000
27/11/2007;19:58:00;2.568;0.000;237.190;10.800;0.000;0.000;18.000
27/11/2007;19:59:00;2.564;0.000;237.060;10.800;0.000;0.000;17.000
27/11/2007;20:00:00;2.578;0.000;237.640;10.800;0.000;0.000;17.000
27/11/2007;20:01:00;2.578;0.000;237.720;10.800;0.000;0.000;18.000
27/11/2007;20:02:00;2.594;0.000;238.360;10.800;0.000;0.000;17.000
27/11/2007;20:03:00;2.596;0.000;237.970;10.800;0.000;0.000;17.000
27/11/2007;20:04:00;2.602;0.000;238.490;10.800;0.000;0.000;18.000
27/11/2007;20:05:00;2.586;0.000;237.210;10.800;0.000;0.000;17.000
27/11/2007;20:06:00;2.578;0.000;237.530;10.800;0.000;0.000;17.000
27/11/2007;20:07:00;2.580;0.000;236.280;10.800;0.000;0.000;18.000
27/11/2007;20:08:00;2.658;0.086;236.060;11.200;0.000;0.000;17.000
27/11/2007;20:09:00;2.650;0.086;235.990;11.200;0.000;0.000;17.000
27/11/2007;20:10:00;2.662;0.088;236.610;11.200;0.000;0.000;17.000
27/11/2007;20:11:00;2.662;0.088;236.720;11.200;0.000;0.000;17.000
27/11/2007;20:12:00;2.672;0.088;237.390;11.200;0.000;0.000;17.000
27/11/2007;20:13:00;2.918;0.078;237.750;12.200;0.000;0.000;18.000
27/11/2007;20:14:00;3.096;0.072;236.570;13.000;0.000;0.000;17.000
27/11/2007;20:15:00;2.978;0.076;236.700;12.600;0.000;0.000;17.000
27/11/2007;20:16:00;2.690;0.082;238.000;11.400;0.000;0.000;17.000
27/11/2007;20:17:00;1.802;0.094;239.830;7.400;0.000;0.000;0.000
27/11/2007;20:18:00;1.806;0.094;240.380;7.400;0.000;0.000;0.000
27/11/2007;20:19:00;1.796;0.092;239.710;7.400;0.000;0.000;0.000
27/11/2007;20:20:00;1.790;0.092;239.150;7.400;0.000;0.000;0.000
27/11/2007;20:21:00;1.794;0.094;239.600;7.400;0.000;0.000;0.000
27/11/2007;20:22:00;1.768;0.058;239.600;7.400;0.000;0.000;0.000
27/11/2007;20:23:00;1.706;0.000;240.060;7.000;0.000;0.000;0.000
27/11/2007;20:24:00;1.702;0.000;239.740;7.000;0.000;0.000;0.000
27/11/2007;20:25:00;1.718;0.000;239.680;7.200;0.000;0.000;0.000
27/11/2007;20:26:00;2.000;0.000;239.480;8.200;0.000;0.000;0.000
27/11/2007;20:27:00;2.036;0.000;237.910;8.600;0.000;0.000;0.000
27/11/2007;20:28:00;2.052;0.046;237.820;8.600;0.000;0.000;0.000
27/11/2007;20:29:00;2.018;0.000;238.820;8.400;0.000;0.000;0.000
27/11/2007;20:30:00;2.084;0.000;238.990;8.600;0.000;0.000;0.000
27/11/2007;20:31:00;2.096;0.058;239.030;8.800;0.000;0.000;0.000
27/11/2007;20:32:00;2.092;0.078;238.720;8.800;0.000;0.000;0.000
27/11/2007;20:33:00;2.046;0.078;238.440;8.600;0.000;0.000;0.000
27/11/2007;20:34:00;2.280;0.268;238.770;9.600;0.000;0.000;0.000
27/11/2007;20:35:00;2.324;0.288;239.300;9.800;0.000;0.000;0.000
27/11/2007;20:36:00;2.392;0.390;240.340;10.000;0.000;1.000;0.000
27/11/2007;20:37:00;2.692;0.406;240.780;11.200;0.000;1.000;0.000
27/11/2007;20:38:00;2.970;0.408;239.960;12.400;0.000;2.000;0.000
27/11/2007;20:39:00;3.162;0.472;239.850;13.400;0.000;1.000;0.000
27/11/2007;20:40:00;4.204;0.658;238.070;18.200;0.000;2.000;0.000
27/11/2007;20:41:00;2.942;0.396;239.030;12.400;0.000;1.000;0.000
27/11/2007;20:42:00;2.928;0.392;238.470;12.200;0.000;2.000;0.000
27/11/2007;20:43:00;3.940;0.566;236.970;17.000;0.000;1.000;0.000
27/11/2007;20:44:00;3.394;0.378;238.040;14.600;0.000;1.000;0.000
27/11/2007;20:45:00;2.752;0.290;239.170;11.600;0.000;2.000;0.000
27/11/2007;20:46:00;2.592;0.286;238.450;10.800;0.000;1.000;0.000
27/11/2007;20:47:00;2.606;0.286;238.520;11.000;0.000;2.000;0.000
27/11/2007;20:48:00;2.698;0.372;238.470;11.400;0.000;1.000;0.000
27/11/2007;20:49:00;2.720;0.410;238.080;11.400;0.000;1.000;0.000
27/11/2007;20:50:00;2.686;0.360;238.180;11.400;0.000;1.000;0.000
27/11/2007;20:51:00;2.650;0.294;239.100;11.000;0.000;0.000;0.000
27/11/2007;20:52:00;2.600;0.286;236.310;11.000;0.000;0.000;0.000
27/11/2007;20:53:00;2.604;0.286;236.720;11.000;0.000;0.000;0.000
27/11/2007;20:54:00;2.616;0.288;237.240;11.000;0.000;0.000;0.000
27/11/2007;20:55:00;2.620;0.288;237.680;11.000;0.000;0.000;0.000
27/11/2007;20:56:00;2.602;0.288;237.510;11.000;0.000;0.000;0.000
27/11/2007;20:57:00;2.596;0.288;237.050;11.000;0.000;0.000;0.000
27/11/2007;20:58:00;2.602;0.290;237.600;11.000;0.000;0.000;0.000
27/11/2007;20:59:00;2.614;0.290;237.920;11.000;0.000;0.000;0.000
27/11/2007;21:00:00;2.618;0.292;238.380;11.000;0.000;0.000;0.000
27/11/2007;21:01:00;2.628;0.296;238.850;11.000;0.000;0.000;0.000
27/11/2007;21:02:00;2.656;0.300;240.220;11.000;0.000;0.000;0.000
27/11/2007;21:03:00;2.574;0.170;239.930;10.600;0.000;0.000;0.000
27/11/2007;21:04:00;2.554;0.164;239.120;10.600;0.000;0.000;0.000
27/11/2007;21:05:00;2.656;0.162;238.760;11.000;0.000;0.000;0.000
27/11/2007;21:06:00;2.564;0.168;239.380;10.600;0.000;0.000;0.000
27/11/2007;21:07:00;2.732;0.166;238.990;11.400;0.000;0.000;0.000
27/11/2007;21:08:00;2.884;0.164;238.780;12.000;0.000;0.000;0.000
27/11/2007;21:09:00;2.818;0.166;238.310;11.800;0.000;0.000;0.000
27/11/2007;21:10:00;2.626;0.172;239.930;11.000;0.000;0.000;0.000
27/11/2007;21:11:00;1.826;0.170;241.330;7.600;0.000;0.000;0.000
27/11/2007;21:12:00;1.724;0.170;241.820;7.000;0.000;0.000;0.000
27/11/2007;21:13:00;1.728;0.172;242.280;7.000;0.000;0.000;0.000
27/11/2007;21:14:00;1.714;0.166;241.190;7.000;0.000;0.000;0.000
27/11/2007;21:15:00;1.694;0.162;239.350;7.000;0.000;0.000;0.000
27/11/2007;21:16:00;1.690;0.160;238.860;7.000;0.000;0.000;0.000
27/11/2007;21:17:00;1.690;0.160;238.840;7.000;0.000;0.000;0.000
27/11/2007;21:18:00;1.736;0.192;239.230;7.200;0.000;0.000;0.000
27/11/2007;21:19:00;1.782;0.266;239.900;7.400;0.000;0.000;0.000
27/11/2007;21:20:00;1.786;0.268;240.250;7.400;0.000;0.000;0.000
27/11/2007;21:21:00;1.788;0.268;240.370;7.400;0.000;0.000;0.000
27/11/2007;21:22:00;1.800;0.272;241.500;7.400;0.000;0.000;0.000
27/11/2007;21:23:00;1.798;0.272;241.630;7.400;0.000;0.000;0.000
27/11/2007;21:24:00;1.784;0.268;241.190;7.400;0.000;0.000;0.000
27/11/2007;21:25:00;1.532;0.080;241.310;6.400;0.000;0.000;0.000
27/11/2007;21:26:00;1.526;0.076;240.760;6.400;0.000;0.000;0.000
27/11/2007;21:27:00;1.526;0.078;240.970;6.400;0.000;0.000;0.000
27/11/2007;21:28:00;1.544;0.086;240.850;6.400;0.000;0.000;0.000
27/11/2007;21:29:00;1.590;0.140;241.320;6.600;0.000;0.000;0.000
27/11/2007;21:30:00;1.568;0.110;241.380;6.400;0.000;0.000;0.000
27/11/2007;21:31:00;1.510;0.094;240.890;6.200;0.000;0.000;0.000
27/11/2007;21:32:00;1.502;0.092;240.810;6.200;0.000;0.000;0.000
27/11/2007;21:33:00;1.500;0.092;240.490;6.200;0.000;0.000;0.000
27/11/2007;21:34:00;1.510;0.096;241.310;6.200;0.000;0.000;0.000
27/11/2007;21:35:00;1.516;0.100;242.250;6.200;0.000;0.000;0.000
27/11/2007;21:36:00;1.516;0.098;242.260;6.200;0.000;0.000;0.000
27/11/2007;21:37:00;1.518;0.100;242.940;6.200;0.000;0.000;0.000
27/11/2007;21:38:00;1.518;0.102;243.320;6.200;0.000;0.000;0.000
27/11/2007;21:39:00;1.522;0.104;243.800;6.200;0.000;0.000;0.000
27/11/2007;21:40:00;1.516;0.102;243.260;6.200;0.000;0.000;0.000
27/11/2007;21:41:00;1.516;0.102;243.370;6.200;0.000;0.000;0.000
27/11/2007;21:42:00;1.522;0.104;243.970;6.200;0.000;0.000;0.000
27/11/2007;21:43:00;1.500;0.096;241.560;6.200;0.000;0.000;0.000
27/11/2007;21:44:00;1.498;0.092;241.010;6.200;0.000;0.000;0.000
27/11/2007;21:45:00;1.496;0.096;241.500;6.200;0.000;0.000;0.000
27/11/2007;21:46:00;1.502;0.096;242.030;6.200;0.000;0.000;0.000
27/11/2007;21:47:00;1.502;0.098;242.030;6.200;0.000;0.000;0.000
27/11/2007;21:48:00;1.488;0.092;240.680;6.200;0.000;0.000;0.000
27/11/2007;21:49:00;1.436;0.000;239.740;6.000;0.000;0.000;0.000
27/11/2007;21:50:00;1.398;0.000;239.870;5.800;0.000;0.000;0.000
27/11/2007;21:51:00;2.164;0.000;239.650;9.000;0.000;0.000;0.000
27/11/2007;21:52:00;1.858;0.050;239.570;7.800;0.000;0.000;0.000
27/11/2007;21:53:00;1.962;0.052;239.080;8.200;0.000;0.000;0.000
27/11/2007;21:54:00;1.970;0.054;239.020;8.200;0.000;0.000;0.000
27/11/2007;21:55:00;2.488;0.056;238.350;10.600;0.000;0.000;6.000
27/11/2007;21:56:00;3.024;0.060;237.460;12.600;0.000;0.000;18.000
27/11/2007;21:57:00;3.090;0.000;236.180;13.000;0.000;0.000;18.000
27/11/2007;21:58:00;3.368;0.000;235.120;14.200;0.000;0.000;17.000
27/11/2007;21:59:00;3.118;0.000;236.240;13.200;0.000;0.000;17.000
27/11/2007;22:00:00;3.070;0.000;236.710;13.000;0.000;0.000;17.000
27/11/2007;22:01:00;4.118;0.092;236.310;17.800;0.000;14.000;18.000
27/11/2007;22:02:00;4.934;0.080;235.850;20.800;0.000;36.000;17.000
27/11/2007;22:03:00;4.430;0.088;236.340;19.000;0.000;27.000;17.000
27/11/2007;22:04:00;4.908;0.074;234.920;20.800;0.000;36.000;17.000
27/11/2007;22:05:00;4.420;0.088;236.330;19.000;0.000;27.000;17.000
27/11/2007;22:06:00;4.870;0.080;236.100;20.600;0.000;36.000;17.000
27/11/2007;22:07:00;4.942;0.092;235.890;20.800;0.000;35.000;17.000
27/11/2007;22:08:00;4.944;0.086;235.670;21.000;0.000;36.000;17.000
27/11/2007;22:09:00;4.952;0.206;236.160;21.000;0.000;37.000;18.000
27/11/2007;22:10:00;5.142;0.196;236.440;21.600;0.000;37.000;17.000
27/11/2007;22:11:00;5.188;0.208;237.210;21.800;0.000;38.000;17.000
27/11/2007;22:12:00;5.110;0.206;237.930;21.400;0.000;37.000;17.000
27/11/2007;22:13:00;4.942;0.218;238.580;20.600;0.000;38.000;18.000
27/11/2007;22:14:00;4.654;0.264;238.640;19.600;0.000;34.000;17.000
27/11/2007;22:15:00;3.996;0.362;239.490;16.800;0.000;18.000;18.000
27/11/2007;22:16:00;5.060;0.340;238.780;21.200;0.000;38.000;17.000
27/11/2007;22:17:00;4.766;0.274;239.510;20.000;0.000;36.000;18.000
27/11/2007;22:18:00;3.654;0.256;239.820;15.400;0.000;18.000;18.000
27/11/2007;22:19:00;5.098;0.242;237.940;21.400;0.000;37.000;17.000
27/11/2007;22:20:00;4.480;0.258;239.270;18.800;0.000;27.000;18.000
27/11/2007;22:21:00;4.066;0.262;239.960;17.200;0.000;26.000;17.000
27/11/2007;22:22:00;4.750;0.260;239.060;19.800;0.000;38.000;18.000
27/11/2007;22:23:00;3.306;0.300;240.770;13.800;0.000;19.000;17.000
27/11/2007;22:24:00;4.222;0.294;240.320;17.600;0.000;34.000;18.000
27/11/2007;22:25:00;3.700;0.284;241.710;15.400;0.000;26.000;18.000
27/11/2007;22:26:00;3.946;0.206;241.460;16.400;0.000;26.000;18.000
27/11/2007;22:27:00;3.904;0.202;240.410;16.400;0.000;29.000;18.000
27/11/2007;22:28:00;3.606;0.198;239.730;15.200;0.000;21.000;17.000
27/11/2007;22:29:00;3.530;0.168;239.140;15.000;0.000;32.000;18.000
27/11/2007;22:30:00;2.694;0.062;240.490;11.200;0.000;18.000;18.000
27/11/2007;22:31:00;3.834;0.048;239.180;16.000;0.000;37.000;17.000
27/11/2007;22:32:00;2.662;0.060;240.240;11.000;0.000;18.000;18.000
27/11/2007;22:33:00;3.572;0.050;239.560;15.000;0.000;32.000;17.000
27/11/2007;22:34:00;2.544;0.068;241.160;10.400;0.000;17.000;18.000
27/11/2007;22:35:00;3.472;0.054;240.180;14.600;0.000;32.000;18.000
27/11/2007;22:36:00;2.456;0.060;240.930;10.200;0.000;15.000;18.000
27/11/2007;22:37:00;3.432;0.054;240.180;14.400;0.000;32.000;17.000
27/11/2007;22:38:00;2.410;0.062;241.920;10.200;0.000;13.000;18.000
27/11/2007;22:39:00;3.168;0.060;241.880;13.200;0.000;30.000;18.000
27/11/2007;22:40:00;2.660;0.060;242.580;11.400;0.000;17.000;18.000
27/11/2007;22:41:00;2.620;0.068;242.870;11.200;0.000;22.000;18.000
27/11/2007;22:42:00;1.864;0.074;244.080;7.800;0.000;4.000;19.000
27/11/2007;22:43:00;2.590;0.072;244.140;10.600;0.000;18.000;18.000
27/11/2007;22:44:00;3.278;0.106;243.000;14.000;0.000;27.000;18.000
27/11/2007;22:45:00;3.170;0.166;242.670;13.200;0.000;29.000;18.000
27/11/2007;22:46:00;2.132;0.182;244.430;8.800;0.000;10.000;18.000
27/11/2007;22:47:00;1.824;0.190;245.260;7.400;0.000;4.000;19.000
27/11/2007;22:48:00;1.800;0.192;245.610;7.400;0.000;3.000;18.000
27/11/2007;22:49:00;1.812;0.184;244.100;7.400;0.000;4.000;18.000
27/11/2007;22:50:00;1.784;0.186;243.870;7.200;0.000;3.000;19.000
27/11/2007;22:51:00;1.798;0.182;244.240;7.400;0.000;4.000;18.000
27/11/2007;22:52:00;1.794;0.194;244.340;7.400;0.000;3.000;18.000
27/11/2007;22:53:00;1.790;0.184;244.740;7.200;0.000;3.000;19.000
27/11/2007;22:54:00;1.698;0.154;245.230;6.800;0.000;2.000;18.000
27/11/2007;22:55:00;1.658;0.182;245.630;6.800;0.000;0.000;18.000
27/11/2007;22:56:00;1.724;0.268;245.190;7.000;0.000;1.000;19.000
27/11/2007;22:57:00;1.696;0.264;244.870;7.000;0.000;0.000;18.000
27/11/2007;22:58:00;1.676;0.218;244.740;6.800;0.000;0.000;19.000
27/11/2007;22:59:00;1.616;0.156;244.660;6.600;0.000;0.000;18.000
27/11/2007;23:00:00;1.630;0.160;244.460;6.600;0.000;0.000;18.000
27/11/2007;23:01:00;1.600;0.150;243.610;6.600;0.000;0.000;18.000
27/11/2007;23:02:00;1.626;0.158;244.200;6.600;0.000;1.000;19.000
27/11/2007;23:03:00;1.610;0.154;244.580;6.600;0.000;0.000;18.000
27/11/2007;23:04:00;1.638;0.164;245.430;6.600;0.000;0.000;18.000
27/11/2007;23:05:00;1.620;0.158;245.590;6.600;0.000;0.000;19.000
27/11/2007;23:06:00;1.642;0.166;246.000;6.600;0.000;0.000;18.000
27/11/2007;23:07:00;1.626;0.160;245.420;6.600;0.000;0.000;19.000
27/11/2007;23:08:00;1.634;0.166;246.220;6.600;0.000;1.000;18.000
27/11/2007;23:09:00;1.638;0.166;245.790;6.600;0.000;0.000;19.000
27/11/2007;23:10:00;1.584;0.098;246.440;6.400;0.000;0.000;19.000
27/11/2007;23:11:00;1.524;0.000;246.430;6.200;0.000;0.000;18.000
27/11/2007;23:12:00;1.516;0.000;247.010;6.000;0.000;0.000;19.000
27/11/2007;23:13:00;1.538;0.000;247.800;6.200;0.000;0.000;19.000
27/11/2007;23:14:00;1.520;0.000;247.850;6.000;0.000;0.000;18.000
27/11/2007;23:15:00;1.540;0.000;247.930;6.200;0.000;1.000;19.000
27/11/2007;23:16:00;1.520;0.000;247.880;6.000;0.000;0.000;19.000
27/11/2007;23:17:00;1.540;0.000;247.950;6.200;0.000;0.000;19.000
27/11/2007;23:18:00;1.518;0.000;247.620;6.000;0.000;0.000;19.000
27/11/2007;23:19:00;1.538;0.000;247.800;6.200;0.000;0.000;18.000
27/11/2007;23:20:00;1.522;0.000;247.960;6.000;0.000;0.000;19.000
27/11/2007;23:21:00;1.544;0.000;248.210;6.200;0.000;1.000;19.000
27/11/2007;23:22:00;1.522;0.000;248.080;6.000;0.000;0.000;19.000
27/11/2007;23:23:00;1.544;0.000;248.320;6.200;0.000;0.000;19.000
27/11/2007;23:24:00;1.502;0.000;246.250;6.000;0.000;0.000;18.000
27/11/2007;23:25:00;1.482;0.000;245.940;6.000;0.000;0.000;19.000
27/11/2007;23:26:00;1.470;0.000;245.680;6.000;0.000;0.000;18.000
27/11/2007;23:27:00;1.542;0.116;245.060;6.200;0.000;1.000;19.000
27/11/2007;23:28:00;1.524;0.110;245.310;6.200;0.000;0.000;18.000
27/11/2007;23:29:00;1.636;0.236;245.060;6.800;0.000;1.000;19.000
27/11/2007;23:30:00;1.602;0.234;244.600;6.600;0.000;2.000;18.000
27/11/2007;23:31:00;1.630;0.244;245.520;6.600;0.000;2.000;18.000
27/11/2007;23:32:00;1.614;0.240;245.950;6.600;0.000;1.000;19.000
27/11/2007;23:33:00;1.630;0.246;245.780;6.600;0.000;2.000;18.000
27/11/2007;23:34:00;1.606;0.238;245.370;6.600;0.000;1.000;19.000
27/11/2007;23:35:00;1.618;0.242;244.990;6.600;0.000;2.000;18.000
27/11/2007;23:36:00;1.648;0.288;244.520;6.800;0.000;2.000;19.000
27/11/2007;23:37:00;1.724;0.378;244.710;7.200;0.000;1.000;18.000
27/11/2007;23:38:00;1.716;0.380;244.920;7.200;0.000;2.000;18.000
27/11/2007;23:39:00;1.660;0.308;244.670;6.800;0.000;2.000;19.000
27/11/2007;23:40:00;1.610;0.248;244.760;6.600;0.000;1.000;18.000
27/11/2007;23:41:00;1.574;0.228;245.080;6.400;0.000;2.000;18.000
27/11/2007;23:42:00;1.584;0.232;244.640;6.400;0.000;1.000;19.000
27/11/2007;23:43:00;1.556;0.218;244.280;6.400;0.000;2.000;18.000
27/11/2007;23:44:00;1.500;0.104;244.390;6.000;0.000;0.000;18.000
27/11/2007;23:45:00;1.490;0.102;245.250;6.000;0.000;0.000;19.000
27/11/2007;23:46:00;1.512;0.110;245.690;6.200;0.000;0.000;18.000
27/11/2007;23:47:00;1.498;0.108;246.170;6.000;0.000;0.000;19.000
27/11/2007;23:48:00;1.510;0.110;245.650;6.200;0.000;1.000;18.000
27/11/2007;23:49:00;1.488;0.104;245.400;6.000;0.000;0.000;19.000
27/11/2007;23:50:00;1.504;0.108;245.190;6.000;0.000;0.000;18.000
27/11/2007;23:51:00;1.426;0.000;245.400;5.800;0.000;0.000;18.000
27/11/2007;23:52:00;1.412;0.000;245.340;5.600;0.000;0.000;19.000
27/11/2007;23:53:00;1.394;0.000;245.430;5.600;0.000;0.000;18.000
27/11/2007;23:54:00;1.614;0.052;245.560;6.600;0.000;4.000;19.000
27/11/2007;23:55:00;1.610;0.000;246.320;6.400;0.000;3.000;18.000
27/11/2007;23:56:00;1.628;0.054;246.720;6.600;0.000;4.000;19.000
27/11/2007;23:57:00;1.614;0.000;246.640;6.400;0.000;3.000;19.000
27/11/2007;23:58:00;1.630;0.054;246.860;6.600;0.000;4.000;18.000
27/11/2007;23:59:00;1.616;0.000;246.660;6.400;0.000;3.000;19.000
